[0, 0]
[1.068, 1]
[1.2510000000000001, 1]
[2.121, 1]
[2.3549999999999995, 3]
[2.7829999999999995, 3]
[3.8809999999999993, 3]
[4.047999999999999, 3]
[5.139999999999999, 3]
[5.283, 19]
[5.298, 26]
[5.623, 26]
[5.894, 26]
[6.167000000000001, 34]
[7.2170000000000005, 34]
[7.625, 37]
[8.08, 37]
[8.37, 37]
[8.863, 37]
[9.937, 37]
[10.837, 37]
[10.909, 474]
[11.902000000000001, 474]
[12.623000000000001, 474]
[12.906, 474]
[13.668000000000001, 474]
[14.284, 474]
[14.844000000000001, 474]
[15.342, 474]
[15.904, 474]
[16.442, 474]
[16.977, 474]
[17.504, 474]
[18.037000000000003, 474]
[18.568, 474]
[19.098000000000003, 474]
[19.627000000000002, 474]
[20.158, 474]
[20.688000000000002, 474]
[21.218000000000004, 474]
[21.748000000000005, 474]
[22.278000000000006, 474]
[22.808000000000007, 474]
[23.338000000000008, 474]
[23.86800000000001, 474]
[24.39800000000001, 474]
[24.92800000000001, 474]
[25.458000000000013, 474]
[25.988000000000014, 474]
[26.518000000000015, 474]
[27.048000000000016, 474]
[27.578000000000017, 474]
[28.10800000000002, 474]
[28.63800000000002, 474]
[29.16800000000002, 474]
[29.69800000000002, 474]
[30.228000000000023, 474]
[30.758000000000024, 474]
[31.288000000000025, 474]
[31.818000000000026, 474]
[32.34800000000003, 474]
[32.87800000000003, 474]
[33.40800000000003, 474]
[33.93800000000003, 474]
[34.46800000000003, 474]
[34.99800000000003, 474]
[35.528000000000034, 474]
[36.058000000000035, 474]
[36.58800000000004, 474]
[37.11800000000004, 474]
[37.64800000000004, 474]
[38.17800000000004, 474]
[38.70800000000004, 474]
[39.23800000000004, 474]
[39.76800000000004, 474]
[40.298000000000044, 474]
[40.828000000000046, 474]
[41.35800000000005, 474]
[41.88800000000005, 474]
[42.41800000000005, 474]
[42.94800000000005, 474]
[43.47800000000005, 474]
[44.00800000000005, 474]
[44.53800000000005, 474]
[45.068000000000055, 474]
[45.598000000000056, 474]
[46.12800000000006, 474]
[46.65800000000006, 474]
[47.18800000000006, 474]
[47.71800000000006, 474]
[48.24800000000006, 474]
[48.77800000000006, 474]
[49.308000000000064, 474]
[49.838000000000065, 474]
[50.368000000000066, 474]
[50.89800000000007, 474]
[51.42800000000007, 474]
[51.95800000000007, 474]
[52.48800000000007, 474]
[53.01800000000007, 474]
[53.54800000000007, 474]
[54.078000000000074, 474]
[54.608000000000075, 474]
[55.138000000000076, 474]
[55.66800000000008, 474]
[56.19800000000008, 474]
[56.72800000000008, 474]
[57.25800000000008, 474]
[57.78800000000008, 474]
[58.31800000000008, 474]
[58.848000000000084, 474]
[59.378000000000085, 474]
[59.90800000000009, 474]
[60.43800000000009, 474]
[60.96800000000009, 474]
[61.49800000000009, 474]
[62.02800000000009, 474]
[62.55800000000009, 474]
[63.08800000000009, 474]
[63.618000000000094, 474]
[64.1480000000001, 474]
[64.6780000000001, 474]
[65.2080000000001, 474]
[65.7380000000001, 474]
[66.2680000000001, 474]
[66.7980000000001, 474]
[67.3280000000001, 474]
[67.8580000000001, 474]
[68.3880000000001, 474]
[68.9180000000001, 474]
[69.4480000000001, 474]
[69.97800000000011, 474]
[70.50800000000011, 474]
[71.03800000000011, 474]
[71.56800000000011, 474]
[72.09800000000011, 474]
[72.62800000000011, 474]
[73.15800000000011, 474]
[73.68800000000012, 474]
[74.21800000000012, 474]
[74.74800000000012, 474]
[75.27800000000012, 474]
[75.80800000000012, 474]
[76.33800000000012, 474]
[76.86800000000012, 474]
[77.39800000000012, 474]
[77.92800000000013, 474]
[78.45800000000013, 474]
[78.98800000000013, 474]
[79.51800000000013, 474]
[80.04800000000013, 474]
[80.57800000000013, 474]
[81.10800000000013, 474]
[81.63800000000013, 474]
[82.16800000000013, 474]
[82.69800000000014, 474]
[83.22800000000014, 474]
[83.75800000000014, 474]
[84.28800000000014, 474]
[84.81800000000014, 474]
[85.34800000000014, 474]
[85.87800000000014, 474]
[86.40800000000014, 474]
[86.93800000000014, 474]
[87.46800000000015, 474]
[87.99800000000015, 474]
[88.52800000000015, 474]
[89.05800000000015, 474]
[89.58800000000015, 474]
[90.11800000000015, 474]
[90.64800000000015, 474]
[91.17800000000015, 474]
[91.70800000000015, 474]
[92.23800000000016, 474]
[92.76800000000016, 474]
[93.29800000000016, 474]
[93.82800000000016, 474]
[94.35800000000016, 474]
[94.88800000000016, 474]
[95.41800000000016, 474]
[95.94800000000016, 474]
[96.47800000000016, 474]
[97.00800000000017, 474]
[97.53800000000017, 474]
[98.06800000000017, 474]
[98.59800000000017, 474]
[99.12800000000017, 474]
[99.65800000000017, 474]
[100.18800000000017, 474]
[100.71800000000017, 474]
[101.24800000000018, 474]
[101.77800000000018, 474]
[102.30800000000018, 474]
[102.83800000000018, 474]
[103.36800000000018, 474]
[103.89800000000018, 474]
[104.42800000000018, 474]
[104.95800000000018, 474]
[105.48800000000018, 474]
[106.01800000000019, 474]
[106.54800000000019, 474]
[107.07800000000019, 474]
[107.60800000000019, 474]
[108.13800000000019, 474]
[108.66800000000019, 474]
[109.19800000000019, 474]
[109.7280000000002, 474]
[110.2580000000002, 474]
[110.7880000000002, 474]
[111.3180000000002, 474]
[111.8480000000002, 474]
[112.3780000000002, 474]
[112.9080000000002, 474]
[113.4380000000002, 474]
[113.9680000000002, 474]
[114.4980000000002, 474]
[115.0280000000002, 474]
[115.5580000000002, 474]
[116.0880000000002, 474]
[116.61800000000021, 474]
[117.14800000000021, 474]
[117.67800000000021, 474]
[118.20800000000021, 474]
[118.73800000000021, 474]
[119.26800000000021, 474]
[119.79800000000021, 474]
[120.32800000000022, 474]
[120.85800000000022, 474]
[121.38800000000022, 474]
[121.91800000000022, 474]
[122.44800000000022, 474]
[122.97800000000022, 474]
[123.50800000000022, 474]
[124.03800000000022, 474]
[124.56800000000023, 474]
[125.09800000000023, 474]
[125.62800000000023, 474]
[126.15800000000023, 474]
[126.68800000000023, 474]
[127.21800000000023, 474]
[127.74800000000023, 474]
[128.27800000000022, 474]
[128.80800000000022, 474]
[129.33800000000022, 474]
[129.86800000000022, 474]
[130.39800000000022, 474]
[130.92800000000022, 474]
[131.45800000000023, 474]
[131.98800000000023, 474]
[132.51800000000023, 474]
[133.04800000000023, 474]
[133.57800000000023, 474]
[134.10800000000023, 474]
[134.63800000000023, 474]
[135.16800000000023, 474]
[135.69800000000023, 474]
[136.22800000000024, 474]
[136.75800000000024, 474]
[137.28800000000024, 474]
[137.81800000000024, 474]
[138.34800000000024, 474]
[138.87800000000024, 474]
[139.40800000000024, 474]
[139.93800000000024, 474]
[140.46800000000025, 474]
[140.99800000000025, 474]
[141.52800000000025, 474]
[142.05800000000025, 474]
[142.58800000000025, 474]
[143.11800000000025, 474]
[143.64800000000025, 474]
[144.17800000000025, 474]
[144.70800000000025, 474]
[145.23800000000026, 474]
[145.76800000000026, 474]
[146.29800000000026, 474]
[146.82800000000026, 474]
[147.35800000000026, 474]
[147.88800000000026, 474]
[148.41800000000026, 474]
[148.94800000000026, 474]
[149.47800000000026, 474]
[150.00800000000027, 474]
[150.53800000000027, 474]
[151.06800000000027, 474]
[151.59800000000027, 474]
[152.12800000000027, 474]
[152.65800000000027, 474]
[153.18800000000027, 474]
[153.71800000000027, 474]
[154.24800000000027, 474]
[154.77800000000028, 474]
[155.30800000000028, 474]
[155.83800000000028, 474]
[156.36800000000028, 474]
[156.89800000000028, 474]
[157.42800000000028, 474]
[157.95800000000028, 474]
[158.48800000000028, 474]
[159.01800000000028, 474]
[159.5480000000003, 474]
[160.0780000000003, 474]
[160.6080000000003, 474]
[161.1380000000003, 474]
[161.6680000000003, 474]
[162.1980000000003, 474]
[162.7280000000003, 474]
[163.2580000000003, 474]
[163.7880000000003, 474]
[164.3180000000003, 474]
[164.8480000000003, 474]
[165.3780000000003, 474]
[165.9080000000003, 474]
[166.4380000000003, 474]
[166.9680000000003, 474]
[167.4980000000003, 474]
[168.0280000000003, 474]
[168.5580000000003, 474]
[169.0880000000003, 474]
[169.6180000000003, 474]
[170.1480000000003, 474]
[170.6780000000003, 474]
[171.2080000000003, 474]
[171.7380000000003, 474]
[172.2680000000003, 474]
[172.79800000000031, 474]
[173.32800000000032, 474]
[173.85800000000032, 474]
[174.38800000000032, 474]
[174.91800000000032, 474]
[175.44800000000032, 474]
[175.97800000000032, 474]
[176.50800000000032, 474]
[177.03800000000032, 474]
[177.56800000000032, 474]
[178.09800000000033, 474]
[178.62800000000033, 474]
[179.15800000000033, 474]
[179.68800000000033, 474]
[180.21800000000033, 474]
[180.74800000000033, 474]
[181.27800000000033, 474]
[181.80800000000033, 474]
[182.33800000000033, 474]
[182.86800000000034, 474]
[183.39800000000034, 474]
[183.92800000000034, 474]
[184.45800000000034, 474]
[184.98800000000034, 474]
[185.51800000000034, 474]
[186.04800000000034, 474]
[186.57800000000034, 474]
[187.10800000000035, 474]
[187.63800000000035, 474]
[188.16800000000035, 474]
[188.69800000000035, 474]
[189.22800000000035, 474]
[189.75800000000035, 474]
[190.28800000000035, 474]
[190.81800000000035, 474]
[191.34800000000035, 474]
[191.87800000000036, 474]
[192.40800000000036, 474]
[192.93800000000036, 474]
[193.46800000000036, 474]
[193.99800000000036, 474]
[194.52800000000036, 474]
[195.05800000000036, 474]
[195.58800000000036, 474]
[196.11800000000036, 474]
[196.64800000000037, 474]
[197.17800000000037, 474]
[197.70800000000037, 474]
[198.23800000000037, 474]
[198.76800000000037, 474]
[199.29800000000037, 474]
[199.82800000000037, 474]
[200.35800000000037, 474]
[200.88800000000037, 474]
[201.41800000000038, 474]
[201.94800000000038, 474]
[202.47800000000038, 474]
[203.00800000000038, 474]
[203.53800000000038, 474]
[204.06800000000038, 474]
[204.59800000000038, 474]
[205.12800000000038, 474]
[205.65800000000038, 474]
[206.1880000000004, 474]
[206.7180000000004, 474]
[207.2480000000004, 474]
[207.7780000000004, 474]
[208.3080000000004, 474]
[208.8380000000004, 474]
[209.3680000000004, 474]
[209.8980000000004, 474]
[210.4280000000004, 474]
[210.9580000000004, 474]
[211.4880000000004, 474]
[212.0180000000004, 474]
[212.5480000000004, 474]
[213.0780000000004, 474]
[213.6080000000004, 474]
[214.1380000000004, 474]
[214.6680000000004, 474]
[215.1980000000004, 474]
[215.7280000000004, 474]
[216.2580000000004, 474]
[216.7880000000004, 474]
[217.3180000000004, 474]
[217.8480000000004, 474]
[218.3780000000004, 474]
[218.9080000000004, 474]
[219.43800000000041, 474]
[219.96800000000042, 474]
[220.49800000000042, 474]
[221.02800000000042, 474]
[221.55800000000042, 474]
[222.08800000000042, 474]
[222.61800000000042, 474]
[223.14800000000042, 474]
[223.67800000000042, 474]
[224.20800000000042, 474]
[224.73800000000043, 474]
[225.26800000000043, 474]
[225.79800000000043, 474]
[226.32800000000043, 474]
[226.85800000000043, 474]
[227.38800000000043, 474]
[227.91800000000043, 474]
[228.44800000000043, 474]
[228.97800000000043, 474]
[229.50800000000044, 474]
[230.03800000000044, 474]
[230.56800000000044, 474]
[231.09800000000044, 474]
[231.62800000000044, 474]
[232.15800000000044, 474]
[232.68800000000044, 474]
[233.21800000000044, 474]
[233.74800000000045, 474]
[234.27800000000045, 474]
[234.80800000000045, 474]
[235.33800000000045, 474]
[235.86800000000045, 474]
[236.39800000000045, 474]
[236.92800000000045, 474]
[237.45800000000045, 474]
[237.98800000000045, 474]
[238.51800000000046, 474]
[239.04800000000046, 474]
[239.57800000000046, 474]
[240.10800000000046, 474]
[240.63800000000046, 474]
[241.16800000000046, 474]
[241.69800000000046, 474]
[242.22800000000046, 474]
[242.75800000000046, 474]
[243.28800000000047, 474]
[243.81800000000047, 474]
[244.34800000000047, 474]
[244.87800000000047, 474]
[245.40800000000047, 474]
[245.93800000000047, 474]
[246.46800000000047, 474]
[246.99800000000047, 474]
[247.52800000000047, 474]
[248.05800000000048, 474]
[248.58800000000048, 474]
[249.11800000000048, 474]
[249.64800000000048, 474]
[250.17800000000048, 474]
[250.70800000000048, 474]
[251.23800000000048, 474]
[251.76800000000048, 474]
[252.29800000000048, 474]
[252.8280000000005, 474]
[253.3580000000005, 474]
[253.8880000000005, 474]
[254.4180000000005, 474]
[254.9480000000005, 474]
[255.4780000000005, 474]
[256.0080000000005, 474]
[256.53800000000047, 474]
[257.06800000000044, 474]
[257.5980000000004, 474]
[258.1280000000004, 474]
[258.65800000000036, 474]
[259.18800000000033, 474]
[259.7180000000003, 474]
[260.2480000000003, 474]
[260.77800000000025, 474]
[261.3080000000002, 474]
[261.8380000000002, 474]
[262.36800000000017, 474]
[262.89800000000014, 474]
[263.4280000000001, 474]
[263.9580000000001, 474]
[264.48800000000006, 474]
[265.01800000000003, 474]
[265.548, 474]
[266.078, 474]
[266.60799999999995, 474]
[267.1379999999999, 474]
[267.6679999999999, 474]
[268.19799999999987, 474]
[268.72799999999984, 474]
[269.2579999999998, 474]
[269.7879999999998, 474]
[270.31799999999976, 474]
[270.84799999999973, 474]
[271.3779999999997, 474]
[271.9079999999997, 474]
[272.43799999999965, 474]
[272.9679999999996, 474]
[273.4979999999996, 474]
[274.02799999999957, 474]
[274.55799999999954, 474]
[275.0879999999995, 474]
[275.6179999999995, 474]
[276.14799999999946, 474]
[276.67799999999943, 474]
[277.2079999999994, 474]
[277.7379999999994, 474]
[278.26799999999935, 474]
[278.7979999999993, 474]
[279.3279999999993, 474]
[279.85799999999927, 474]
[280.38799999999924, 474]
[280.9179999999992, 474]
[281.4479999999992, 474]
[281.97799999999916, 474]
[282.50799999999913, 474]
[283.0379999999991, 474]
[283.5679999999991, 474]
[284.09799999999905, 474]
[284.627999999999, 474]
[285.157999999999, 474]
[285.68799999999896, 474]
[286.21799999999894, 474]
[286.7479999999989, 474]
[287.2779999999989, 474]
[287.80799999999886, 474]
[288.33799999999883, 474]
[288.8679999999988, 474]
[289.3979999999988, 474]
[289.92799999999875, 474]
[290.4579999999987, 474]
[290.9879999999987, 474]
[291.51799999999866, 474]
[292.04799999999864, 474]
[292.5779999999986, 474]
[293.1079999999986, 474]
[293.63799999999856, 474]
[294.16799999999853, 474]
[294.6979999999985, 474]
[295.2279999999985, 474]
[295.75799999999845, 474]
[296.2879999999984, 474]
[296.8179999999984, 474]
[297.34799999999836, 474]
[297.87799999999834, 474]
[298.4079999999983, 474]
[298.9379999999983, 474]
[299.46799999999826, 474]
[299.9979999999982, 474]
[300.5279999999982, 474]
[301.0579999999982, 474]
[301.58799999999815, 474]
[302.1179999999981, 474]
[302.6479999999981, 474]
[303.17799999999806, 474]
[303.70799999999804, 474]
[304.237999999998, 474]
[304.767999999998, 474]
[305.29799999999796, 474]
[305.8279999999979, 474]
[306.3579999999979, 474]
[306.8879999999979, 474]
[307.41799999999785, 474]
[307.9479999999978, 474]
[308.4779999999978, 474]
[309.00799999999776, 474]
[309.53799999999774, 474]
[310.0679999999977, 474]
[310.5979999999977, 474]
[311.12799999999766, 474]
[311.6579999999976, 474]
[312.1879999999976, 474]
[312.7179999999976, 474]
[313.24799999999755, 474]
[313.7779999999975, 474]
[314.3079999999975, 474]
[314.83799999999746, 474]
[315.36799999999744, 474]
[315.8979999999974, 474]
[316.4279999999974, 474]
[316.95799999999736, 474]
[317.4879999999973, 474]
[318.0179999999973, 474]
[318.5479999999973, 474]
[319.07799999999725, 474]
[319.6079999999972, 474]
[320.1379999999972, 474]
[320.66799999999716, 474]
[321.19799999999714, 474]
[321.7279999999971, 474]
[322.2579999999971, 474]
[322.78799999999706, 474]
[323.317999999997, 474]
[323.847999999997, 474]
[324.377999999997, 474]
[324.90799999999695, 474]
[325.4379999999969, 474]
[325.9679999999969, 474]
[326.49799999999686, 474]
[327.02799999999684, 474]
[327.5579999999968, 474]
[328.0879999999968, 474]
[328.61799999999675, 474]
[329.1479999999967, 474]
[329.6779999999967, 474]
[330.2079999999967, 474]
[330.73799999999665, 474]
[331.2679999999966, 474]
[331.7979999999966, 474]
[332.32799999999656, 474]
[332.85799999999654, 474]
[333.3879999999965, 474]
[333.9179999999965, 474]
[334.44799999999645, 474]
[334.9779999999964, 474]
[335.5079999999964, 474]
[336.0379999999964, 474]
[336.56799999999635, 474]
[337.0979999999963, 474]
[337.6279999999963, 474]
[338.15799999999626, 474]
[338.68799999999624, 474]
[339.2179999999962, 474]
[339.7479999999962, 474]
[340.27799999999615, 474]
[340.8079999999961, 474]
[341.3379999999961, 474]
[341.8679999999961, 474]
[342.39799999999605, 474]
[342.927999999996, 474]
[343.457999999996, 474]
[343.98799999999596, 474]
[344.51799999999594, 474]
[345.0479999999959, 474]
[345.5779999999959, 474]
[346.10799999999585, 474]
[346.6379999999958, 474]
[347.1679999999958, 474]
[347.6979999999958, 474]
[348.22799999999575, 474]
[348.7579999999957, 474]
[349.2879999999957, 474]
[349.81799999999566, 474]
[350.34799999999564, 474]
[350.8779999999956, 474]
[351.4079999999956, 474]
[351.93799999999555, 474]
[352.4679999999955, 474]
[352.9979999999955, 474]
[353.5279999999955, 474]
[354.05799999999545, 474]
[354.5879999999954, 474]
[355.1179999999954, 474]
[355.64799999999536, 474]
[356.17799999999534, 474]
[356.7079999999953, 474]
[357.2379999999953, 474]
[357.76799999999525, 474]
[358.2979999999952, 474]
[358.8279999999952, 474]
[359.3579999999952, 474]
[359.88799999999515, 474]
[360.4179999999951, 474]
[360.9479999999951, 474]
[361.47799999999506, 474]
[362.00799999999504, 474]
[362.537999999995, 474]
[363.067999999995, 474]
[363.59799999999495, 474]
[364.1279999999949, 474]
[364.6579999999949, 474]
[365.1879999999949, 474]
[365.71799999999484, 474]
[366.2479999999948, 474]
[366.7779999999948, 474]
[367.30799999999476, 474]
[367.83799999999474, 474]
[368.3679999999947, 474]
[368.8979999999947, 474]
[369.42799999999465, 474]
[369.9579999999946, 474]
[370.4879999999946, 474]
[371.0179999999946, 474]
[371.54799999999454, 474]
[372.0779999999945, 474]
[372.6079999999945, 474]
[373.13799999999446, 474]
[373.66799999999444, 474]
[374.1979999999944, 474]
[374.7279999999944, 474]
[375.25799999999435, 474]
[375.7879999999943, 474]
[376.3179999999943, 474]
[376.8479999999943, 474]
[377.37799999999424, 474]
[377.9079999999942, 474]
[378.4379999999942, 474]
[378.96799999999416, 474]
[379.49799999999414, 474]
[380.0279999999941, 474]
[380.5579999999941, 474]
[381.08799999999405, 474]
[381.617999999994, 474]
[382.147999999994, 474]
[382.677999999994, 474]
[383.20799999999394, 474]
[383.7379999999939, 474]
[384.2679999999939, 474]
[384.79799999999386, 474]
[385.32799999999384, 474]
[385.8579999999938, 474]
[386.3879999999938, 474]
[386.91799999999375, 474]
[387.4479999999937, 474]
[387.9779999999937, 474]
[388.5079999999937, 474]
[389.03799999999364, 474]
[389.5679999999936, 474]
[390.0979999999936, 474]
[390.62799999999356, 474]
[391.15799999999354, 474]
[391.6879999999935, 474]
[392.2179999999935, 474]
[392.74799999999345, 474]
[393.2779999999934, 474]
[393.8079999999934, 474]
[394.3379999999934, 474]
[394.86799999999334, 474]
[395.3979999999933, 474]
[395.9279999999933, 474]
[396.45799999999326, 474]
[396.98799999999324, 474]
[397.5179999999932, 474]
[398.0479999999932, 474]
[398.57799999999315, 474]
[399.1079999999931, 474]
[399.6379999999931, 474]
[400.16799999999307, 474]
[400.69799999999304, 474]
[401.227999999993, 474]
[401.757999999993, 474]
[402.28799999999296, 474]
[402.81799999999294, 474]
[403.3479999999929, 474]
[403.8779999999929, 474]
[404.40799999999285, 474]
[404.9379999999928, 474]
[405.4679999999928, 474]
[405.99799999999277, 474]
[406.52799999999274, 474]
[407.0579999999927, 474]
[407.5879999999927, 474]
[408.11799999999266, 474]
[408.64799999999263, 474]
[409.1779999999926, 474]
[409.7079999999926, 474]
[410.23799999999255, 474]
[410.7679999999925, 474]
[411.2979999999925, 474]
[411.82799999999247, 474]
[412.35799999999244, 474]
[412.8879999999924, 474]
[413.4179999999924, 474]
[413.94799999999236, 474]
[414.47799999999233, 474]
[415.0079999999923, 474]
[415.5379999999923, 474]
[416.06799999999225, 474]
[416.5979999999922, 474]
[417.1279999999922, 474]
[417.65799999999217, 474]
[418.18799999999214, 474]
[418.7179999999921, 474]
[419.2479999999921, 474]
[419.77799999999206, 474]
[420.30799999999203, 474]
[420.837999999992, 474]
[421.367999999992, 474]
[421.89799999999195, 474]
[422.4279999999919, 474]
[422.9579999999919, 474]
[423.48799999999187, 474]
[424.01799999999184, 474]
[424.5479999999918, 474]
[425.0779999999918, 474]
[425.60799999999176, 474]
[426.13799999999173, 474]
[426.6679999999917, 474]
[427.1979999999917, 474]
[427.72799999999165, 474]
[428.2579999999916, 474]
[428.7879999999916, 474]
[429.31799999999157, 474]
[429.84799999999154, 474]
[430.3779999999915, 474]
[430.9079999999915, 474]
[431.43799999999146, 474]
[431.96799999999143, 474]
[432.4979999999914, 474]
[433.0279999999914, 474]
[433.55799999999135, 474]
[434.0879999999913, 474]
[434.6179999999913, 474]
[435.14799999999127, 474]
[435.67799999999124, 474]
[436.2079999999912, 474]
[436.7379999999912, 474]
[437.26799999999116, 474]
[437.79799999999113, 474]
[438.3279999999911, 474]
[438.8579999999911, 474]
[439.38799999999105, 474]
[439.917999999991, 474]
[440.447999999991, 474]
[440.97799999999097, 474]
[441.50799999999094, 474]
[442.0379999999909, 474]
[442.5679999999909, 474]
[443.09799999999086, 474]
[443.62799999999083, 474]
[444.1579999999908, 474]
[444.6879999999908, 474]
[445.21799999999075, 474]
[445.7479999999907, 474]
[446.2779999999907, 474]
[446.80799999999067, 474]
[447.33799999999064, 474]
[447.8679999999906, 474]
[448.3979999999906, 474]
[448.92799999999056, 474]
[449.45799999999053, 474]
[449.9879999999905, 474]
[450.5179999999905, 474]
[451.04799999999045, 474]
[451.5779999999904, 474]
[452.1079999999904, 474]
[452.63799999999037, 474]
[453.16799999999034, 474]
[453.6979999999903, 474]
[454.2279999999903, 474]
[454.75799999999026, 474]
[455.28799999999023, 474]
[455.8179999999902, 474]
[456.3479999999902, 474]
[456.87799999999015, 474]
[457.4079999999901, 474]
[457.9379999999901, 474]
[458.46799999999007, 474]
[458.99799999999004, 474]
[459.52799999999, 474]
[460.05799999999, 474]
[460.58799999998996, 474]
[461.11799999998993, 474]
[461.6479999999899, 474]
[462.1779999999899, 474]
[462.70799999998985, 474]
[463.2379999999898, 474]
[463.7679999999898, 474]
[464.29799999998977, 474]
[464.82799999998974, 474]
[465.3579999999897, 474]
[465.8879999999897, 474]
[466.41799999998966, 474]
[466.94799999998963, 474]
[467.4779999999896, 474]
[468.0079999999896, 474]
[468.53799999998955, 474]
[469.0679999999895, 474]
[469.5979999999895, 474]
[470.12799999998947, 474]
[470.65799999998944, 474]
[471.1879999999894, 474]
[471.7179999999894, 474]
[472.24799999998936, 474]
[472.77799999998933, 474]
[473.3079999999893, 474]
[473.8379999999893, 474]
[474.36799999998925, 474]
[474.8979999999892, 474]
[475.4279999999892, 474]
[475.95799999998917, 474]
[476.48799999998914, 474]
[477.0179999999891, 474]
[477.5479999999891, 474]
[478.07799999998906, 474]
[478.60799999998903, 474]
[479.137999999989, 474]
[479.667999999989, 474]
[480.19799999998895, 474]
[480.7279999999889, 474]
[481.2579999999889, 474]
[481.78799999998887, 474]
[482.31799999998884, 474]
[482.8479999999888, 474]
[483.3779999999888, 474]
[483.90799999998876, 474]
[484.43799999998873, 474]
[484.9679999999887, 474]
[485.4979999999887, 474]
[486.02799999998865, 474]
[486.5579999999886, 474]
[487.0879999999886, 474]
[487.61799999998857, 474]
[488.14799999998854, 474]
[488.6779999999885, 474]
[489.2079999999885, 474]
[489.73799999998846, 474]
[490.26799999998843, 474]
[490.7979999999884, 474]
[491.3279999999884, 474]
[491.85799999998835, 474]
[492.3879999999883, 474]
[492.9179999999883, 474]
[493.44799999998827, 474]
[493.97799999998824, 474]
[494.5079999999882, 474]
[495.0379999999882, 474]
[495.56799999998816, 474]
[496.09799999998813, 474]
[496.6279999999881, 474]
[497.1579999999881, 474]
[497.68799999998805, 474]
[498.217999999988, 474]
[498.747999999988, 474]
[499.27799999998797, 474]
[499.80799999998794, 474]
[500.3379999999879, 474]
[500.8679999999879, 474]
[501.39799999998786, 474]
[501.92799999998783, 474]
[502.4579999999878, 474]
[502.9879999999878, 474]
[503.51799999998775, 474]
[504.0479999999877, 474]
[504.5779999999877, 474]
[505.10799999998767, 474]
[505.63799999998764, 474]
[506.1679999999876, 474]
[506.6979999999876, 474]
[507.22799999998756, 474]
[507.75799999998753, 474]
[508.2879999999875, 474]
[508.8179999999875, 474]
[509.34799999998745, 474]
[509.8779999999874, 474]
[510.4079999999874, 474]
[510.93799999998737, 474]
[511.46799999998734, 474]
[511.9979999999873, 474]
[512.5279999999873, 474]
[513.0579999999873, 474]
[513.5879999999872, 474]
[514.1179999999872, 474]
[514.6479999999872, 474]
[515.1779999999872, 474]
[515.7079999999871, 474]
[516.2379999999871, 474]
[516.7679999999871, 474]
[517.297999999987, 474]
[517.827999999987, 474]
[518.357999999987, 474]
[518.887999999987, 474]
[519.4179999999869, 474]
[519.9479999999869, 474]
[520.4779999999869, 474]
[521.0079999999869, 474]
[521.5379999999868, 474]
[522.0679999999868, 474]
[522.5979999999868, 474]
[523.1279999999867, 474]
[523.6579999999867, 474]
[524.1879999999867, 474]
[524.7179999999867, 474]
[525.2479999999866, 474]
[525.7779999999866, 474]
[526.3079999999866, 474]
[526.8379999999866, 474]
[527.3679999999865, 474]
[527.8979999999865, 474]
[528.4279999999865, 474]
[528.9579999999864, 474]
[529.4879999999864, 474]
[530.0179999999864, 474]
[530.5479999999864, 474]
[531.0779999999863, 474]
[531.6079999999863, 474]
[532.1379999999863, 474]
[532.6679999999863, 474]
[533.1979999999862, 474]
[533.7279999999862, 474]
[534.2579999999862, 474]
[534.7879999999861, 474]
[535.3179999999861, 474]
[535.8479999999861, 474]
[536.3779999999861, 474]
[536.907999999986, 474]
[537.437999999986, 474]
[537.967999999986, 474]
[538.497999999986, 474]
[539.0279999999859, 474]
[539.5579999999859, 474]
[540.0879999999859, 474]
[540.6179999999858, 474]
[541.1479999999858, 474]
[541.6779999999858, 474]
[542.2079999999858, 474]
[542.7379999999857, 474]
[543.2679999999857, 474]
[543.7979999999857, 474]
[544.3279999999856, 474]
[544.8579999999856, 474]
[545.3879999999856, 474]
[545.9179999999856, 474]
[546.4479999999855, 474]
[546.9779999999855, 474]
[547.5079999999855, 474]
[548.0379999999855, 474]
[548.5679999999854, 474]
[549.0979999999854, 474]
[549.6279999999854, 474]
[550.1579999999853, 474]
[550.6879999999853, 474]
[551.2179999999853, 474]
[551.7479999999853, 474]
[552.2779999999852, 474]
[552.8079999999852, 474]
[553.3379999999852, 474]
[553.8679999999852, 474]
[554.3979999999851, 474]
[554.9279999999851, 474]
[555.4579999999851, 474]
[555.987999999985, 474]
[556.517999999985, 474]
[557.047999999985, 474]
[557.577999999985, 474]
[558.1079999999849, 474]
[558.6379999999849, 474]
[559.1679999999849, 474]
[559.6979999999849, 474]
[560.2279999999848, 474]
[560.7579999999848, 474]
[561.2879999999848, 474]
[561.8179999999847, 474]
[562.3479999999847, 474]
[562.8779999999847, 474]
[563.4079999999847, 474]
[563.9379999999846, 474]
[564.4679999999846, 474]
[564.9979999999846, 474]
[565.5279999999846, 474]
[566.0579999999845, 474]
[566.5879999999845, 474]
[567.1179999999845, 474]
[567.6479999999844, 474]
[568.1779999999844, 474]
[568.7079999999844, 474]
[569.2379999999844, 474]
[569.7679999999843, 474]
[570.2979999999843, 474]
[570.8279999999843, 474]
[571.3579999999843, 474]
[571.8879999999842, 474]
[572.4179999999842, 474]
[572.9479999999842, 474]
[573.4779999999841, 474]
[574.0079999999841, 474]
[574.5379999999841, 474]
[575.0679999999841, 474]
[575.597999999984, 474]
[576.127999999984, 474]
[576.657999999984, 474]
[577.187999999984, 474]
[577.7179999999839, 474]
[578.2479999999839, 474]
[578.7779999999839, 474]
[579.3079999999838, 474]
[579.8379999999838, 474]
[580.3679999999838, 474]
[580.8979999999838, 474]
[581.4279999999837, 474]
[581.9579999999837, 474]
[582.4879999999837, 474]
[583.0179999999837, 474]
[583.5479999999836, 474]
[584.0779999999836, 474]
[584.6079999999836, 474]
[585.1379999999835, 474]
[585.6679999999835, 474]
[586.1979999999835, 474]
[586.7279999999835, 474]
[587.2579999999834, 474]
[587.7879999999834, 474]
[588.3179999999834, 474]
[588.8479999999834, 474]
[589.3779999999833, 474]
[589.9079999999833, 474]
[590.4379999999833, 474]
[590.9679999999832, 474]
[591.4979999999832, 474]
[592.0279999999832, 474]
[592.5579999999832, 474]
[593.0879999999831, 474]
[593.6179999999831, 474]
[594.1479999999831, 474]
[594.6779999999831, 474]
[595.207999999983, 474]
[595.737999999983, 474]
[596.267999999983, 474]
[596.797999999983, 474]
[597.3279999999829, 474]
[597.8579999999829, 474]
[598.3879999999829, 474]
[598.9179999999828, 474]
[599.4479999999828, 474]
[599.9779999999828, 474]
[600.5079999999828, 474]
[601.0379999999827, 474]
[601.5679999999827, 474]
[602.0979999999827, 474]
[602.6279999999826, 474]
[603.1579999999826, 474]
[603.6879999999826, 474]
[604.2179999999826, 474]
[604.7479999999825, 474]
[605.2779999999825, 474]
[605.8079999999825, 474]
[606.3379999999825, 474]
[606.8679999999824, 474]
[607.3979999999824, 474]
[607.9279999999824, 474]
[608.4579999999823, 474]
[608.9879999999823, 474]
[609.5179999999823, 474]
[610.0479999999823, 474]
[610.5779999999822, 474]
[611.1079999999822, 474]
[611.6379999999822, 474]
[612.1679999999822, 474]
[612.6979999999821, 474]
[613.2279999999821, 474]
[613.7579999999821, 474]
[614.287999999982, 474]
[614.817999999982, 474]
[615.347999999982, 474]
[615.877999999982, 474]
[616.4079999999819, 474]
[616.9379999999819, 474]
[617.4679999999819, 474]
[617.9979999999819, 474]
[618.5279999999818, 474]
[619.0579999999818, 474]
[619.5879999999818, 474]
[620.1179999999817, 474]
[620.6479999999817, 474]
[621.1779999999817, 474]
[621.7079999999817, 474]
[622.2379999999816, 474]
[622.7679999999816, 474]
[623.2979999999816, 474]
[623.8279999999816, 474]
[624.3579999999815, 474]
[624.8879999999815, 474]
[625.4179999999815, 474]
[625.9479999999814, 474]
[626.4779999999814, 474]
[627.0079999999814, 474]
[627.5379999999814, 474]
[628.0679999999813, 474]
[628.5979999999813, 474]
[629.1279999999813, 474]
[629.6579999999813, 474]
[630.1879999999812, 474]
[630.7179999999812, 474]
[631.2479999999812, 474]
[631.7779999999811, 474]
[632.3079999999811, 474]
[632.8379999999811, 474]
[633.3679999999811, 474]
[633.897999999981, 474]
[634.427999999981, 474]
[634.957999999981, 474]
[635.487999999981, 474]
[636.0179999999809, 474]
[636.5479999999809, 474]
[637.0779999999809, 474]
[637.6079999999808, 474]
[638.1379999999808, 474]
[638.6679999999808, 474]
[639.1979999999808, 474]
[639.7279999999807, 474]
[640.2579999999807, 474]
[640.7879999999807, 474]
[641.3179999999807, 474]
[641.8479999999806, 474]
[642.3779999999806, 474]
[642.9079999999806, 474]
[643.4379999999805, 474]
[643.9679999999805, 474]
[644.4979999999805, 474]
[645.0279999999805, 474]
[645.5579999999804, 474]
[646.0879999999804, 474]
[646.6179999999804, 474]
[647.1479999999804, 474]
[647.6779999999803, 474]
[648.2079999999803, 474]
[648.7379999999803, 474]
[649.2679999999802, 474]
[649.7979999999802, 474]
[650.3279999999802, 474]
[650.8579999999802, 474]
[651.3879999999801, 474]
[651.9179999999801, 474]
[652.4479999999801, 474]
[652.97799999998, 474]
[653.50799999998, 474]
[654.03799999998, 474]
[654.56799999998, 474]
[655.09799999998, 474]
[655.6279999999799, 474]
[656.1579999999799, 474]
[656.6879999999799, 474]
[657.2179999999798, 474]
[657.7479999999798, 474]
[658.2779999999798, 474]
[658.8079999999798, 474]
[659.3379999999797, 474]
[659.8679999999797, 474]
[660.3979999999797, 474]
[660.9279999999796, 474]
[661.4579999999796, 474]
[661.9879999999796, 474]
[662.5179999999796, 474]
[663.0479999999795, 474]
[663.5779999999795, 474]
[664.1079999999795, 474]
[664.6379999999795, 474]
[665.1679999999794, 474]
[665.6979999999794, 474]
[666.2279999999794, 474]
[666.7579999999793, 474]
[667.2879999999793, 474]
[667.8179999999793, 474]
[668.3479999999793, 474]
[668.8779999999792, 474]
[669.4079999999792, 474]
[669.9379999999792, 474]
[670.4679999999792, 474]
[670.9979999999791, 474]
[671.5279999999791, 474]
[672.0579999999791, 474]
[672.587999999979, 474]
[673.117999999979, 474]
[673.647999999979, 474]
[674.177999999979, 474]
[674.7079999999789, 474]
[675.2379999999789, 474]
[675.7679999999789, 474]
[676.2979999999789, 474]
[676.8279999999788, 474]
[677.3579999999788, 474]
[677.8879999999788, 474]
[678.4179999999787, 474]
[678.9479999999787, 474]
[679.4779999999787, 474]
[680.0079999999787, 474]
[680.5379999999786, 474]
[681.0679999999786, 474]
[681.5979999999786, 474]
[682.1279999999786, 474]
[682.6579999999785, 474]
[683.1879999999785, 474]
[683.7179999999785, 474]
[684.2479999999784, 474]
[684.7779999999784, 474]
[685.3079999999784, 474]
[685.8379999999784, 474]
[686.3679999999783, 474]
[686.8979999999783, 474]
[687.4279999999783, 474]
[687.9579999999783, 474]
[688.4879999999782, 474]
[689.0179999999782, 474]
[689.5479999999782, 474]
[690.0779999999781, 474]
[690.6079999999781, 474]
[691.1379999999781, 474]
[691.6679999999781, 474]
[692.197999999978, 474]
[692.727999999978, 474]
[693.257999999978, 474]
[693.787999999978, 474]
[694.3179999999779, 474]
[694.8479999999779, 474]
[695.3779999999779, 474]
[695.9079999999778, 474]
[696.4379999999778, 474]
[696.9679999999778, 474]
[697.4979999999778, 474]
[698.0279999999777, 474]
[698.5579999999777, 474]
[699.0879999999777, 474]
[699.6179999999777, 474]
[700.1479999999776, 474]
[700.6779999999776, 474]
[701.2079999999776, 474]
[701.7379999999775, 474]
[702.2679999999775, 474]
[702.7979999999775, 474]
[703.3279999999775, 474]
[703.8579999999774, 474]
[704.3879999999774, 474]
[704.9179999999774, 474]
[705.4479999999774, 474]
[705.9779999999773, 474]
[706.5079999999773, 474]
[707.0379999999773, 474]
[707.5679999999772, 474]
[708.0979999999772, 474]
[708.6279999999772, 474]
[709.1579999999772, 474]
[709.6879999999771, 474]
[710.2179999999771, 474]
[710.7479999999771, 474]
[711.277999999977, 474]
[711.807999999977, 474]
[712.337999999977, 474]
[712.867999999977, 474]
[713.397999999977, 474]
[713.9279999999769, 474]
[714.4579999999769, 474]
[714.9879999999769, 474]
[715.5179999999768, 474]
[716.0479999999768, 474]
[716.5779999999768, 474]
[717.1079999999768, 474]
[717.6379999999767, 474]
[718.1679999999767, 474]
[718.6979999999767, 474]
[719.2279999999766, 474]
[719.7579999999766, 474]
[720.2879999999766, 474]
[720.8179999999766, 474]
[721.3479999999765, 474]
[721.8779999999765, 474]
[722.4079999999765, 474]
[722.9379999999765, 474]
[723.4679999999764, 474]
[723.9979999999764, 474]
[724.5279999999764, 474]
[725.0579999999763, 474]
[725.5879999999763, 474]
[726.1179999999763, 474]
[726.6479999999763, 474]
[727.1779999999762, 474]
[727.7079999999762, 474]
[728.2379999999762, 474]
[728.7679999999762, 474]
[729.2979999999761, 474]
[729.8279999999761, 474]
[730.3579999999761, 474]
[730.887999999976, 474]
[731.417999999976, 474]
[731.947999999976, 474]
[732.477999999976, 474]
[733.0079999999759, 474]
[733.5379999999759, 474]
[734.0679999999759, 474]
[734.5979999999759, 474]
[735.1279999999758, 474]
[735.6579999999758, 474]
[736.1879999999758, 474]
[736.7179999999757, 474]
[737.2479999999757, 474]
[737.7779999999757, 474]
[738.3079999999757, 474]
[738.8379999999756, 474]
[739.3679999999756, 474]
[739.8979999999756, 474]
[740.4279999999756, 474]
[740.9579999999755, 474]
[741.4879999999755, 474]
[742.0179999999755, 474]
[742.5479999999754, 474]
[743.0779999999754, 474]
[743.6079999999754, 474]
[744.1379999999754, 474]
[744.6679999999753, 474]
[745.1979999999753, 474]
[745.7279999999753, 474]
[746.2579999999753, 474]
[746.7879999999752, 474]
[747.3179999999752, 474]
[747.8479999999752, 474]
[748.3779999999751, 474]
[748.9079999999751, 474]
[749.4379999999751, 474]
[749.9679999999751, 474]
[750.497999999975, 474]
[751.027999999975, 474]
[751.557999999975, 474]
[752.087999999975, 474]
[752.6179999999749, 474]
[753.1479999999749, 474]
[753.6779999999749, 474]
[754.2079999999748, 474]
[754.7379999999748, 474]
[755.2679999999748, 474]
[755.7979999999748, 474]
[756.3279999999747, 474]
[756.8579999999747, 474]
[757.3879999999747, 474]
[757.9179999999747, 474]
[758.4479999999746, 474]
[758.9779999999746, 474]
[759.5079999999746, 474]
[760.0379999999745, 474]
[760.5679999999745, 474]
[761.0979999999745, 474]
[761.6279999999745, 474]
[762.1579999999744, 474]
[762.6879999999744, 474]
[763.2179999999744, 474]
[763.7479999999744, 474]
[764.2779999999743, 474]
[764.8079999999743, 474]
[765.3379999999743, 474]
[765.8679999999742, 474]
[766.3979999999742, 474]
[766.9279999999742, 474]
[767.4579999999742, 474]
[767.9879999999741, 474]
[768.5179999999741, 474]
[769.0479999999741, 474]
[769.577999999974, 474]
[770.107999999974, 474]
[770.637999999974, 474]
[771.167999999974, 474]
[771.697999999974, 474]
[772.2279999999739, 474]
[772.7579999999739, 474]
[773.2879999999739, 474]
[773.8179999999738, 474]
[774.3479999999738, 474]
[774.8779999999738, 474]
[775.4079999999738, 474]
[775.9379999999737, 474]
[776.4679999999737, 474]
[776.9979999999737, 474]
[777.5279999999736, 474]
[778.0579999999736, 474]
[778.5879999999736, 474]
[779.1179999999736, 474]
[779.6479999999735, 474]
[780.1779999999735, 474]
[780.7079999999735, 474]
[781.2379999999735, 474]
[781.7679999999734, 474]
[782.2979999999734, 474]
[782.8279999999734, 474]
[783.3579999999733, 474]
[783.8879999999733, 474]
[784.4179999999733, 474]
[784.9479999999733, 474]
[785.4779999999732, 474]
[786.0079999999732, 474]
[786.5379999999732, 474]
[787.0679999999732, 474]
[787.5979999999731, 474]
[788.1279999999731, 474]
[788.6579999999731, 474]
[789.187999999973, 474]
[789.717999999973, 474]
[790.247999999973, 474]
[790.777999999973, 474]
[791.3079999999729, 474]
[791.8379999999729, 474]
[792.3679999999729, 474]
[792.8979999999729, 474]
[793.4279999999728, 474]
[793.9579999999728, 474]
[794.4879999999728, 474]
[795.0179999999727, 474]
[795.5479999999727, 474]
[796.0779999999727, 474]
[796.6079999999727, 474]
[797.1379999999726, 474]
[797.6679999999726, 474]
[798.1979999999726, 474]
[798.7279999999726, 474]
[799.2579999999725, 474]
[799.7879999999725, 474]
[800.3179999999725, 474]
[800.8479999999724, 474]
[801.3779999999724, 474]
[801.9079999999724, 474]
[802.4379999999724, 474]
[802.9679999999723, 474]
[803.4979999999723, 474]
[804.0279999999723, 474]
[804.5579999999723, 474]
[805.0879999999722, 474]
[805.6179999999722, 474]
[806.1479999999722, 474]
[806.6779999999721, 474]
[807.2079999999721, 474]
[807.7379999999721, 474]
[808.2679999999721, 474]
[808.797999999972, 474]
[809.327999999972, 474]
[809.857999999972, 474]
[810.387999999972, 474]
[810.9179999999719, 474]
[811.4479999999719, 474]
[811.9779999999719, 474]
[812.5079999999718, 474]
[813.0379999999718, 474]
[813.5679999999718, 474]
[814.0979999999718, 474]
[814.6279999999717, 474]
[815.1579999999717, 474]
[815.6879999999717, 474]
[816.2179999999717, 474]
[816.7479999999716, 474]
[817.2779999999716, 474]
[817.8079999999716, 474]
[818.3379999999715, 474]
[818.8679999999715, 474]
[819.3979999999715, 474]
[819.9279999999715, 474]
[820.4579999999714, 474]
[820.9879999999714, 474]
[821.5179999999714, 474]
[822.0479999999714, 474]
[822.5779999999713, 474]
[823.1079999999713, 474]
[823.6379999999713, 474]
[824.1679999999712, 474]
[824.6979999999712, 474]
[825.2279999999712, 474]
[825.7579999999712, 474]
[826.2879999999711, 474]
[826.8179999999711, 474]
[827.3479999999711, 474]
[827.877999999971, 474]
[828.407999999971, 474]
[828.937999999971, 474]
[829.467999999971, 474]
[829.997999999971, 474]
[830.5279999999709, 474]
[831.0579999999709, 474]
[831.5879999999709, 474]
[832.1179999999708, 474]
[832.6479999999708, 474]
[833.1779999999708, 474]
[833.7079999999708, 474]
[834.2379999999707, 474]
[834.7679999999707, 474]
[835.2979999999707, 474]
[835.8279999999706, 474]
[836.3579999999706, 474]
[836.8879999999706, 474]
[837.4179999999706, 474]
[837.9479999999705, 474]
[838.4779999999705, 474]
[839.0079999999705, 474]
[839.5379999999705, 474]
[840.0679999999704, 474]
[840.5979999999704, 474]
[841.1279999999704, 474]
[841.6579999999703, 474]
[842.1879999999703, 474]
[842.7179999999703, 474]
[843.2479999999703, 474]
[843.7779999999702, 474]
[844.3079999999702, 474]
[844.8379999999702, 474]
[845.3679999999702, 474]
[845.8979999999701, 474]
[846.4279999999701, 474]
[846.9579999999701, 474]
[847.48799999997, 474]
[848.01799999997, 474]
[848.54799999997, 474]
[849.07799999997, 474]
[849.6079999999699, 474]
[850.1379999999699, 474]
[850.6679999999699, 474]
[851.1979999999699, 474]
[851.7279999999698, 474]
[852.2579999999698, 474]
[852.7879999999698, 474]
[853.3179999999697, 474]
[853.8479999999697, 474]
[854.3779999999697, 474]
[854.9079999999697, 474]
[855.4379999999696, 474]
[855.9679999999696, 474]
[856.4979999999696, 474]
[857.0279999999696, 474]
[857.5579999999695, 474]
[858.0879999999695, 474]
[858.6179999999695, 474]
[859.1479999999694, 474]
[859.6779999999694, 474]
[860.2079999999694, 474]
[860.7379999999694, 474]
[861.2679999999693, 474]
[861.7979999999693, 474]
[862.3279999999693, 474]
[862.8579999999693, 474]
[863.3879999999692, 474]
[863.9179999999692, 474]
[864.4479999999692, 474]
[864.9779999999691, 474]
[865.5079999999691, 474]
[866.0379999999691, 474]
[866.5679999999691, 474]
[867.097999999969, 474]
[867.627999999969, 474]
[868.157999999969, 474]
[868.687999999969, 474]
[869.2179999999689, 474]
[869.7479999999689, 474]
[870.2779999999689, 474]
[870.8079999999688, 474]
[871.3379999999688, 474]
[871.8679999999688, 474]
[872.3979999999688, 474]
[872.9279999999687, 474]
[873.4579999999687, 474]
[873.9879999999687, 474]
[874.5179999999687, 474]
[875.0479999999686, 474]
[875.5779999999686, 474]
[876.1079999999686, 474]
[876.6379999999685, 474]
[877.1679999999685, 474]
[877.6979999999685, 474]
[878.2279999999685, 474]
[878.7579999999684, 474]
[879.2879999999684, 474]
[879.8179999999684, 474]
[880.3479999999684, 474]
[880.8779999999683, 474]
[881.4079999999683, 474]
[881.9379999999683, 474]
[882.4679999999682, 474]
[882.9979999999682, 474]
[883.5279999999682, 474]
[884.0579999999682, 474]
[884.5879999999681, 474]
[885.1179999999681, 474]
[885.6479999999681, 474]
[886.177999999968, 474]
[886.707999999968, 474]
[887.237999999968, 474]
[887.767999999968, 474]
[888.2979999999679, 474]
[888.8279999999679, 474]
[889.3579999999679, 474]
[889.8879999999679, 474]
[890.4179999999678, 474]
[890.9479999999678, 474]
[891.4779999999678, 474]
[892.0079999999678, 474]
[892.5379999999677, 474]
[893.0679999999677, 474]
[893.5979999999677, 474]
[894.1279999999676, 474]
[894.6579999999676, 474]
[895.1879999999676, 474]
[895.7179999999676, 474]
[896.2479999999675, 474]
[896.7779999999675, 474]
[897.3079999999675, 474]
[897.8379999999675, 474]
[898.3679999999674, 474]
[898.8979999999674, 474]
[899.4279999999674, 474]
[899.9579999999673, 474]
[900.4879999999673, 474]
[901.0179999999673, 474]
[901.5479999999673, 474]
[902.0779999999672, 474]
[902.6079999999672, 474]
[903.1379999999672, 474]
[903.6679999999672, 474]
[904.1979999999671, 474]
[904.7279999999671, 474]
[905.2579999999671, 474]
[905.787999999967, 474]
[906.317999999967, 474]
[906.847999999967, 474]
[907.377999999967, 474]
[907.9079999999669, 474]
[908.4379999999669, 474]
[908.9679999999669, 474]
[909.4979999999669, 474]
[910.0279999999668, 474]
[910.5579999999668, 474]
[911.0879999999668, 474]
[911.6179999999667, 474]
[912.1479999999667, 474]
[912.6779999999667, 474]
[913.2079999999667, 474]
[913.7379999999666, 474]
[914.2679999999666, 474]
[914.7979999999666, 474]
[915.3279999999666, 474]
[915.8579999999665, 474]
[916.3879999999665, 474]
[916.9179999999665, 474]
[917.4479999999664, 474]
[917.9779999999664, 474]
[918.5079999999664, 474]
[919.0379999999664, 474]
[919.5679999999663, 474]
[920.0979999999663, 474]
[920.6279999999663, 474]
[921.1579999999663, 474]
[921.6879999999662, 474]
[922.2179999999662, 474]
[922.7479999999662, 474]
[923.2779999999661, 474]
[923.8079999999661, 474]
[924.3379999999661, 474]
[924.8679999999661, 474]
[925.397999999966, 474]
[925.927999999966, 474]
[926.457999999966, 474]
[926.987999999966, 474]
[927.5179999999659, 474]
[928.0479999999659, 474]
[928.5779999999659, 474]
[929.1079999999658, 474]
[929.6379999999658, 474]
[930.1679999999658, 474]
[930.6979999999658, 474]
[931.2279999999657, 474]
[931.7579999999657, 474]
[932.2879999999657, 474]
[932.8179999999657, 474]
[933.3479999999656, 474]
[933.8779999999656, 474]
[934.4079999999656, 474]
[934.9379999999655, 474]
[935.4679999999655, 474]
[935.9979999999655, 474]
[936.5279999999655, 474]
[937.0579999999654, 474]
[937.5879999999654, 474]
[938.1179999999654, 474]
[938.6479999999654, 474]
[939.1779999999653, 474]
[939.7079999999653, 474]
[940.2379999999653, 474]
[940.7679999999652, 474]
[941.2979999999652, 474]
[941.8279999999652, 474]
[942.3579999999652, 474]
[942.8879999999651, 474]
[943.4179999999651, 474]
[943.9479999999651, 474]
[944.477999999965, 474]
[945.007999999965, 474]
[945.537999999965, 474]
[946.067999999965, 474]
[946.5979999999649, 474]
[947.1279999999649, 474]
[947.6579999999649, 474]
[948.1879999999649, 474]
[948.7179999999648, 474]
[949.2479999999648, 474]
[949.7779999999648, 474]
[950.3079999999647, 474]
[950.8379999999647, 474]
[951.3679999999647, 474]
[951.8979999999647, 474]
[952.4279999999646, 474]
[952.9579999999646, 474]
[953.4879999999646, 474]
[954.0179999999646, 474]
[954.5479999999645, 474]
[955.0779999999645, 474]
[955.6079999999645, 474]
[956.1379999999644, 474]
[956.6679999999644, 474]
[957.1979999999644, 474]
[957.7279999999644, 474]
[958.2579999999643, 474]
[958.7879999999643, 474]
[959.3179999999643, 474]
[959.8479999999643, 474]
[960.3779999999642, 474]
[960.9079999999642, 474]
[961.4379999999642, 474]
[961.9679999999641, 474]
[962.4979999999641, 474]
[963.0279999999641, 474]
[963.5579999999641, 474]
[964.087999999964, 474]
[964.617999999964, 474]
[965.147999999964, 474]
[965.677999999964, 474]
[966.2079999999639, 474]
[966.7379999999639, 474]
[967.2679999999639, 474]
[967.7979999999638, 474]
[968.3279999999638, 474]
[968.8579999999638, 474]
[969.3879999999638, 474]
[969.9179999999637, 474]
[970.4479999999637, 474]
[970.9779999999637, 474]
[971.5079999999637, 474]
[972.0379999999636, 474]
[972.5679999999636, 474]
[973.0979999999636, 474]
[973.6279999999635, 474]
[974.1579999999635, 474]
[974.6879999999635, 474]
[975.2179999999635, 474]
[975.7479999999634, 474]
[976.2779999999634, 474]
[976.8079999999634, 474]
[977.3379999999634, 474]
[977.8679999999633, 474]
[978.3979999999633, 474]
[978.9279999999633, 474]
[979.4579999999632, 474]
[979.9879999999632, 474]
[980.5179999999632, 474]
[981.0479999999632, 474]
[981.5779999999631, 474]
[982.1079999999631, 474]
[982.6379999999631, 474]
[983.1679999999631, 474]
[983.697999999963, 474]
[984.227999999963, 474]
[984.757999999963, 474]
[985.287999999963, 474]
[985.8179999999629, 474]
[986.3479999999629, 474]
[986.8779999999629, 474]
[987.4079999999628, 474]
[987.9379999999628, 474]
[988.4679999999628, 474]
[988.9979999999628, 474]
[989.5279999999627, 474]
[990.0579999999627, 474]
[990.5879999999627, 474]
[991.1179999999626, 474]
[991.6479999999626, 474]
[992.1779999999626, 474]
[992.7079999999626, 474]
[993.2379999999625, 474]
[993.7679999999625, 474]
[994.2979999999625, 474]
[994.8279999999625, 474]
[995.3579999999624, 474]
[995.8879999999624, 474]
[996.4179999999624, 474]
[996.9479999999623, 474]
[997.4779999999623, 474]
[998.0079999999623, 474]
[998.5379999999623, 474]
[999.0679999999622, 474]
[999.5979999999622, 474]
[1000.1279999999622, 474]
[1000.4249999999996, 558]
[1000.839999999999, 586]
[1000.8670000000144, 726]
[1001.0000000000144, 950]
