[[0.0, 0.0], 0.0, 0]
[[1.09, 0.16], 0.19, False, 0.23, 2]
[[2.1900000000000004, 0.24], -0.1, False, 0.21, 2]
[[3.2900000000000005, 0.27], -0.05, False, 0.21, 2]
[[4.390000000000001, 0.28], -0.02, False, 0.2, 2]
[[5.49, 0.28], -0.01, False, 0.21, 2]
[[6.59, 0.29000000000000004], 0.01, False, 0.2, 2]
[[7.6899999999999995, 0.29000000000000004], -0.01, False, 0.2, 2]
[[8.79, 0.29000000000000004], -0.0, False, 0.2, 2]
[[9.889999999999999, 0.29000000000000004], -0.0, False, 0.2, 2]
[[10.989999999999998, 0.29000000000000004], -0.0, False, 0.2, 2]
[[12.089999999999998, 0.29000000000000004], -0.0, False, 0.2, 2]
[[13.189999999999998, 0.29000000000000004], -0.0, False, 0.2, 2]
[[14.289999999999997, 0.29000000000000004], -0.0, False, 0.2, 2]
[[15.389999999999997, 0.29000000000000004], -0.0, False, 0.2, 2]
[[16.49, 0.29000000000000004], -0.0, False, 0.2, 2]
[[17.59, 0.29000000000000004], -0.0, False, 0.2, 2]
[[18.69, 0.29000000000000004], -0.0, False, 0.2, 2]
[[19.790000000000003, 0.29000000000000004], -0.0, False, 0.2, 2]
[[20.890000000000004, 0.29000000000000004], -0.0, False, 0.2, 2]
[[21.990000000000006, 0.29000000000000004], -0.0, False, 0.2, 2]
[[23.090000000000007, 0.29000000000000004], -0.0, False, 0.2, 2]
[[24.19000000000001, 0.29000000000000004], -0.0, False, 0.2, 2]
[[25.29000000000001, 0.29000000000000004], -0.0, False, 0.2, 2]
[[26.39000000000001, 0.29000000000000004], -0.0, False, 0.2, 2]
[[27.490000000000013, 0.29000000000000004], -0.0, False, 0.2, 2]
[[28.590000000000014, 0.29000000000000004], -0.0, False, 0.2, 2]
[[29.690000000000015, 0.29000000000000004], -0.0, False, 0.2, 2]
[[30.790000000000017, 0.29000000000000004], -0.0, False, 0.2, 2]
[[31.89000000000002, 0.29000000000000004], -0.0, False, 0.2, 2]
[[32.990000000000016, 0.29000000000000004], -0.0, False, 0.2, 2]
[[34.09000000000002, 0.29000000000000004], -0.0, False, 0.2, 2]
[[35.19000000000002, 0.29000000000000004], -0.0, False, 0.2, 2]
[[36.29000000000002, 0.29000000000000004], -0.0, False, 0.2, 2]
[[37.39000000000002, 0.29000000000000004], -0.0, False, 0.2, 2]
[[38.49000000000002, 0.29000000000000004], -0.0, False, 0.2, 2]
[[39.590000000000025, 0.29000000000000004], -0.0, False, 0.2, 2]
[[40.690000000000026, 0.29000000000000004], -0.0, False, 0.2, 2]
[[41.79000000000003, 0.29000000000000004], -0.0, False, 0.2, 2]
[[42.89000000000003, 0.29000000000000004], -0.0, False, 0.2, 2]
[[43.99000000000003, 0.29000000000000004], -0.0, False, 0.2, 2]
[[45.09000000000003, 0.29000000000000004], -0.0, False, 0.2, 2]
[[46.19000000000003, 0.29000000000000004], -0.0, False, 0.2, 2]
[[47.290000000000035, 0.29000000000000004], -0.0, False, 0.2, 2]
[[48.390000000000036, 0.29000000000000004], -0.0, False, 0.2, 2]
[[49.49000000000004, 0.29000000000000004], -0.0, False, 0.2, 2]
[[50.59000000000004, 0.29000000000000004], -0.0, False, 0.2, 2]
[[51.69000000000004, 0.29000000000000004], -0.0, False, 0.2, 2]
[[52.79000000000004, 0.29000000000000004], -0.0, False, 0.2, 2]
[[53.89000000000004, 0.29000000000000004], -0.0, False, 0.2, 2]
[[54.990000000000045, 0.29000000000000004], -0.0, False, 0.2, 2]
[[56.090000000000046, 0.29000000000000004], -0.0, False, 0.2, 2]
[[57.19000000000005, 0.29000000000000004], -0.0, False, 0.2, 2]
[[58.29000000000005, 0.29000000000000004], -0.0, False, 0.2, 2]
[[59.39000000000005, 0.29000000000000004], -0.0, False, 0.2, 2]
[[60.49000000000005, 0.29000000000000004], -0.0, False, 0.2, 2]
[[61.59000000000005, 0.29000000000000004], -0.0, False, 0.2, 2]
[[62.690000000000055, 0.29000000000000004], -0.0, False, 0.2, 2]
[[63.790000000000056, 0.29000000000000004], -0.0, False, 0.2, 2]
[[64.89000000000006, 0.29000000000000004], -0.0, False, 0.2, 2]
[[65.99000000000005, 0.29000000000000004], -0.0, False, 0.2, 2]
[[67.09000000000005, 0.29000000000000004], -0.0, False, 0.2, 2]
[[68.19000000000004, 0.29000000000000004], -0.0, False, 0.2, 2]
[[69.29000000000003, 0.29000000000000004], -0.0, False, 0.2, 2]
[[70.39000000000003, 0.29000000000000004], -0.0, False, 0.2, 2]
[[71.49000000000002, 0.29000000000000004], -0.0, False, 0.2, 2]
[[72.59000000000002, 0.29000000000000004], -0.0, False, 0.2, 2]
[[73.69000000000001, 0.29000000000000004], -0.0, False, 0.2, 2]
[[74.79, 0.29000000000000004], -0.0, False, 0.2, 2]
[[75.89, 0.29000000000000004], -0.0, False, 0.2, 2]
[[76.99, 0.29000000000000004], -0.0, False, 0.2, 2]
[[78.08999999999999, 0.29000000000000004], -0.0, False, 0.2, 2]
[[79.18999999999998, 0.29000000000000004], -0.0, False, 0.2, 2]
[[80.28999999999998, 0.29000000000000004], -0.0, False, 0.2, 2]
[[81.38999999999997, 0.29000000000000004], -0.0, False, 0.2, 2]
[[82.48999999999997, 0.29000000000000004], -0.0, False, 0.2, 2]
[[83.58999999999996, 0.29000000000000004], -0.0, False, 0.2, 2]
[[84.68999999999996, 0.29000000000000004], -0.0, False, 0.2, 2]
[[85.78999999999995, 0.29000000000000004], -0.0, False, 0.2, 2]
[[86.88999999999994, 0.29000000000000004], -0.0, False, 0.2, 2]
[[87.98999999999994, 0.29000000000000004], -0.0, False, 0.2, 2]
[[89.08999999999993, 0.29000000000000004], -0.0, False, 0.2, 2]
[[90.18999999999993, 0.29000000000000004], -0.0, False, 0.2, 2]
[[91.28999999999992, 0.29000000000000004], -0.0, False, 0.2, 2]
[[92.38999999999992, 0.29000000000000004], -0.0, False, 0.2, 2]
[[93.48999999999991, 0.29000000000000004], -0.0, False, 0.2, 2]
[[94.5899999999999, 0.29000000000000004], -0.0, False, 0.2, 2]
[[95.6899999999999, 0.29000000000000004], -0.0, False, 0.2, 2]
[[96.78999999999989, 0.29000000000000004], -0.0, False, 0.2, 2]
[[97.88999999999989, 0.29000000000000004], -0.0, False, 0.2, 2]
[[98.98999999999988, 0.29000000000000004], -0.0, False, 0.2, 2]
[[100.08999999999988, 0.29000000000000004], -0.0, False, 0.2, 2]
[[101.18999999999987, 0.29000000000000004], -0.0, False, 0.2, 2]
[[102.28999999999986, 0.29000000000000004], -0.0, False, 0.2, 2]
[[103.38999999999986, 0.29000000000000004], -0.0, False, 0.2, 2]
[[104.48999999999985, 0.29000000000000004], -0.0, False, 0.2, 2]
[[105.58999999999985, 0.29000000000000004], -0.0, False, 0.2, 2]
[[106.68999999999984, 0.29000000000000004], -0.0, False, 0.2, 2]
[[107.78999999999984, 0.29000000000000004], -0.0, False, 0.2, 2]
[[108.88999999999983, 0.29000000000000004], -0.0, False, 0.2, 2]
[[109.98999999999982, 0.29000000000000004], -0.0, False, 0.2, 2]
[[111.08999999999982, 0.29000000000000004], -0.0, False, 0.2, 2]
[[112.18999999999981, 0.29000000000000004], -0.0, False, 0.2, 2]
[[113.28999999999981, 0.29000000000000004], -0.0, False, 0.2, 2]
[[114.3899999999998, 0.29000000000000004], -0.0, False, 0.2, 2]
[[115.4899999999998, 0.29000000000000004], -0.0, False, 0.2, 2]
[[116.58999999999979, 0.29000000000000004], -0.0, False, 0.2, 2]
[[117.68999999999978, 0.29000000000000004], -0.0, False, 0.2, 2]
[[118.78999999999978, 0.29000000000000004], -0.0, False, 0.2, 2]
[[119.88999999999977, 0.29000000000000004], -0.0, False, 0.2, 2]
[[120.98999999999977, 0.29000000000000004], -0.0, False, 0.2, 2]
[[122.08999999999976, 0.29000000000000004], -0.0, False, 0.2, 2]
[[123.18999999999976, 0.29000000000000004], -0.0, False, 0.2, 2]
[[124.28999999999975, 0.29000000000000004], -0.0, False, 0.2, 2]
[[125.38999999999974, 0.29000000000000004], -0.0, False, 0.2, 2]
[[126.48999999999974, 0.29000000000000004], -0.0, False, 0.2, 2]
[[127.58999999999973, 0.29000000000000004], -0.0, False, 0.2, 2]
[[128.68999999999974, 0.29000000000000004], -0.0, False, 0.2, 2]
[[129.78999999999974, 0.29000000000000004], -0.0, False, 0.2, 2]
[[130.88999999999973, 0.29000000000000004], -0.0, False, 0.2, 2]
[[131.98999999999972, 0.29000000000000004], -0.0, False, 0.2, 2]
[[133.08999999999972, 0.29000000000000004], -0.0, False, 0.2, 2]
[[134.1899999999997, 0.29000000000000004], -0.0, False, 0.2, 2]
[[135.2899999999997, 0.29000000000000004], -0.0, False, 0.2, 2]
[[136.3899999999997, 0.29000000000000004], -0.0, False, 0.2, 2]
[[137.4899999999997, 0.29000000000000004], -0.0, False, 0.2, 2]
[[138.5899999999997, 0.29000000000000004], -0.0, False, 0.2, 2]
[[139.68999999999969, 0.29000000000000004], -0.0, False, 0.2, 2]
[[140.78999999999968, 0.29000000000000004], -0.0, False, 0.2, 2]
[[141.88999999999967, 0.29000000000000004], -0.0, False, 0.2, 2]
[[142.98999999999967, 0.29000000000000004], -0.0, False, 0.2, 2]
[[144.08999999999966, 0.29000000000000004], -0.0, False, 0.2, 2]
[[145.18999999999966, 0.29000000000000004], -0.0, False, 0.2, 2]
[[146.28999999999965, 0.29000000000000004], -0.0, False, 0.2, 2]
[[147.38999999999965, 0.29000000000000004], -0.0, False, 0.2, 2]
[[148.48999999999964, 0.29000000000000004], -0.0, False, 0.2, 2]
[[149.58999999999963, 0.29000000000000004], -0.0, False, 0.2, 2]
[[150.68999999999963, 0.29000000000000004], -0.0, False, 0.2, 2]
[[151.78999999999962, 0.29000000000000004], -0.0, False, 0.2, 2]
[[152.88999999999962, 0.29000000000000004], -0.0, False, 0.2, 2]
[[153.9899999999996, 0.29000000000000004], -0.0, False, 0.2, 2]
[[155.0899999999996, 0.29000000000000004], -0.0, False, 0.2, 2]
[[156.1899999999996, 0.29000000000000004], -0.0, False, 0.2, 2]
[[157.2899999999996, 0.29000000000000004], -0.0, False, 0.2, 2]
[[158.3899999999996, 0.29000000000000004], -0.0, False, 0.2, 2]
[[159.48999999999958, 0.29000000000000004], -0.0, False, 0.2, 2]
[[160.58999999999958, 0.29000000000000004], -0.0, False, 0.2, 2]
[[161.68999999999957, 0.29000000000000004], -0.0, False, 0.2, 2]
[[162.78999999999957, 0.29000000000000004], -0.0, False, 0.2, 2]
[[163.88999999999956, 0.29000000000000004], -0.0, False, 0.2, 2]
[[164.98999999999955, 0.29000000000000004], -0.0, False, 0.2, 2]
[[166.08999999999955, 0.29000000000000004], -0.0, False, 0.2, 2]
[[167.18999999999954, 0.29000000000000004], -0.0, False, 0.2, 2]
[[168.28999999999954, 0.29000000000000004], -0.0, False, 0.2, 2]
[[169.38999999999953, 0.29000000000000004], -0.0, False, 0.2, 2]
[[170.48999999999953, 0.29000000000000004], -0.0, False, 0.2, 2]
[[171.58999999999952, 0.29000000000000004], -0.0, False, 0.2, 2]
[[172.68999999999951, 0.29000000000000004], -0.0, False, 0.2, 2]
[[173.7899999999995, 0.29000000000000004], -0.0, False, 0.2, 2]
[[174.8899999999995, 0.29000000000000004], -0.0, False, 0.2, 2]
[[175.9899999999995, 0.29000000000000004], -0.0, False, 0.2, 2]
[[177.0899999999995, 0.29000000000000004], -0.0, False, 0.2, 2]
[[178.1899999999995, 0.29000000000000004], -0.0, False, 0.2, 2]
[[179.28999999999948, 0.29000000000000004], -0.0, False, 0.2, 2]
[[180.38999999999947, 0.29000000000000004], -0.0, False, 0.2, 2]
[[181.48999999999947, 0.29000000000000004], -0.0, False, 0.2, 2]
[[182.58999999999946, 0.29000000000000004], -0.0, False, 0.2, 2]
[[183.68999999999946, 0.29000000000000004], -0.0, False, 0.2, 2]
[[184.78999999999945, 0.29000000000000004], -0.0, False, 0.2, 2]
[[185.88999999999945, 0.29000000000000004], -0.0, False, 0.2, 2]
[[186.98999999999944, 0.29000000000000004], -0.0, False, 0.2, 2]
[[188.08999999999943, 0.29000000000000004], -0.0, False, 0.2, 2]
[[189.18999999999943, 0.29000000000000004], -0.0, False, 0.2, 2]
[[190.28999999999942, 0.29000000000000004], -0.0, False, 0.2, 2]
[[191.38999999999942, 0.29000000000000004], -0.0, False, 0.2, 2]
[[192.4899999999994, 0.29000000000000004], -0.0, False, 0.2, 2]
[[193.5899999999994, 0.29000000000000004], -0.0, False, 0.2, 2]
[[194.6899999999994, 0.29000000000000004], -0.0, False, 0.2, 2]
[[195.7899999999994, 0.29000000000000004], -0.0, False, 0.2, 2]
[[196.8899999999994, 0.29000000000000004], -0.0, False, 0.2, 2]
[[197.98999999999938, 0.29000000000000004], -0.0, False, 0.2, 2]
[[199.08999999999938, 0.29000000000000004], -0.0, False, 0.2, 2]
[[200.18999999999937, 0.29000000000000004], -0.0, False, 0.2, 2]
[[201.28999999999937, 0.29000000000000004], -0.0, False, 0.2, 2]
[[202.38999999999936, 0.29000000000000004], -0.0, False, 0.2, 2]
[[203.48999999999936, 0.29000000000000004], -0.0, False, 0.2, 2]
[[204.58999999999935, 0.29000000000000004], -0.0, False, 0.2, 2]
[[205.68999999999934, 0.29000000000000004], -0.0, False, 0.2, 2]
[[206.78999999999934, 0.29000000000000004], -0.0, False, 0.2, 2]
[[207.88999999999933, 0.29000000000000004], -0.0, False, 0.2, 2]
[[208.98999999999933, 0.29000000000000004], -0.0, False, 0.2, 2]
[[210.08999999999932, 0.29000000000000004], -0.0, False, 0.2, 2]
[[211.18999999999932, 0.29000000000000004], -0.0, False, 0.2, 2]
[[212.2899999999993, 0.29000000000000004], -0.0, False, 0.2, 2]
[[213.3899999999993, 0.29000000000000004], -0.0, False, 0.2, 2]
[[214.4899999999993, 0.29000000000000004], -0.0, False, 0.2, 2]
[[215.5899999999993, 0.29000000000000004], -0.0, False, 0.2, 2]
[[216.6899999999993, 0.29000000000000004], -0.0, False, 0.2, 2]
[[217.78999999999928, 0.29000000000000004], -0.0, False, 0.2, 2]
[[218.88999999999928, 0.29000000000000004], -0.0, False, 0.2, 2]
[[219.98999999999927, 0.29000000000000004], -0.0, False, 0.2, 2]
[[221.08999999999926, 0.29000000000000004], -0.0, False, 0.2, 2]
[[222.18999999999926, 0.29000000000000004], -0.0, False, 0.2, 2]
[[223.28999999999925, 0.29000000000000004], -0.0, False, 0.2, 2]
[[224.38999999999925, 0.29000000000000004], -0.0, False, 0.2, 2]
[[225.48999999999924, 0.29000000000000004], -0.0, False, 0.2, 2]
[[226.58999999999924, 0.29000000000000004], -0.0, False, 0.2, 2]
[[227.68999999999923, 0.29000000000000004], -0.0, False, 0.2, 2]
[[228.78999999999922, 0.29000000000000004], -0.0, False, 0.2, 2]
[[229.88999999999922, 0.29000000000000004], -0.0, False, 0.2, 2]
[[230.9899999999992, 0.29000000000000004], -0.0, False, 0.2, 2]
[[232.0899999999992, 0.29000000000000004], -0.0, False, 0.2, 2]
[[233.1899999999992, 0.29000000000000004], -0.0, False, 0.2, 2]
[[234.2899999999992, 0.29000000000000004], -0.0, False, 0.2, 2]
[[235.3899999999992, 0.29000000000000004], -0.0, False, 0.2, 2]
[[236.48999999999918, 0.29000000000000004], -0.0, False, 0.2, 2]
[[237.58999999999918, 0.29000000000000004], -0.0, False, 0.2, 2]
[[238.68999999999917, 0.29000000000000004], -0.0, False, 0.2, 2]
[[239.78999999999917, 0.29000000000000004], -0.0, False, 0.2, 2]
[[240.88999999999916, 0.29000000000000004], -0.0, False, 0.2, 2]
[[241.98999999999916, 0.29000000000000004], -0.0, False, 0.2, 2]
[[243.08999999999915, 0.29000000000000004], -0.0, False, 0.2, 2]
[[244.18999999999915, 0.29000000000000004], -0.0, False, 0.2, 2]
[[245.28999999999914, 0.29000000000000004], -0.0, False, 0.2, 2]
[[246.38999999999913, 0.29000000000000004], -0.0, False, 0.2, 2]
[[247.48999999999913, 0.29000000000000004], -0.0, False, 0.2, 2]
[[248.58999999999912, 0.29000000000000004], -0.0, False, 0.2, 2]
[[249.68999999999912, 0.29000000000000004], -0.0, False, 0.2, 2]
[[250.7899999999991, 0.29000000000000004], -0.0, False, 0.2, 2]
[[251.8899999999991, 0.29000000000000004], -0.0, False, 0.2, 2]
[[252.9899999999991, 0.29000000000000004], -0.0, False, 0.2, 2]
[[254.0899999999991, 0.29000000000000004], -0.0, False, 0.2, 2]
[[255.1899999999991, 0.29000000000000004], -0.0, False, 0.2, 2]
[[256.2899999999991, 0.29000000000000004], -0.0, False, 0.2, 2]
[[257.38999999999913, 0.29000000000000004], -0.0, False, 0.2, 2]
[[258.48999999999916, 0.29000000000000004], -0.0, False, 0.2, 2]
[[259.5899999999992, 0.29000000000000004], -0.0, False, 0.2, 2]
[[260.6899999999992, 0.29000000000000004], -0.0, False, 0.2, 2]
[[261.7899999999992, 0.29000000000000004], -0.0, False, 0.2, 2]
[[262.88999999999925, 0.29000000000000004], -0.0, False, 0.2, 2]
[[263.98999999999927, 0.29000000000000004], -0.0, False, 0.2, 2]
[[265.0899999999993, 0.29000000000000004], -0.0, False, 0.2, 2]
[[266.1899999999993, 0.29000000000000004], -0.0, False, 0.2, 2]
[[267.28999999999934, 0.29000000000000004], -0.0, False, 0.2, 2]
[[268.38999999999936, 0.29000000000000004], -0.0, False, 0.2, 2]
[[269.4899999999994, 0.29000000000000004], -0.0, False, 0.2, 2]
[[270.5899999999994, 0.29000000000000004], -0.0, False, 0.2, 2]
[[271.68999999999943, 0.29000000000000004], -0.0, False, 0.2, 2]
[[272.78999999999945, 0.29000000000000004], -0.0, False, 0.2, 2]
[[273.8899999999995, 0.29000000000000004], -0.0, False, 0.2, 2]
[[274.9899999999995, 0.29000000000000004], -0.0, False, 0.2, 2]
[[276.0899999999995, 0.29000000000000004], -0.0, False, 0.2, 2]
[[277.18999999999954, 0.29000000000000004], -0.0, False, 0.2, 2]
[[278.28999999999957, 0.29000000000000004], -0.0, False, 0.2, 2]
[[279.3899999999996, 0.29000000000000004], -0.0, False, 0.2, 2]
[[280.4899999999996, 0.29000000000000004], -0.0, False, 0.2, 2]
[[281.58999999999963, 0.29000000000000004], -0.0, False, 0.2, 2]
[[282.68999999999966, 0.29000000000000004], -0.0, False, 0.2, 2]
[[283.7899999999997, 0.29000000000000004], -0.0, False, 0.2, 2]
[[284.8899999999997, 0.29000000000000004], -0.0, False, 0.2, 2]
[[285.9899999999997, 0.29000000000000004], -0.0, False, 0.2, 2]
[[287.08999999999975, 0.29000000000000004], -0.0, False, 0.2, 2]
[[288.18999999999977, 0.29000000000000004], -0.0, False, 0.2, 2]
[[289.2899999999998, 0.29000000000000004], -0.0, False, 0.2, 2]
[[290.3899999999998, 0.29000000000000004], -0.0, False, 0.2, 2]
[[291.48999999999984, 0.29000000000000004], -0.0, False, 0.2, 2]
[[292.58999999999986, 0.29000000000000004], -0.0, False, 0.2, 2]
[[293.6899999999999, 0.29000000000000004], -0.0, False, 0.2, 2]
[[294.7899999999999, 0.29000000000000004], -0.0, False, 0.2, 2]
[[295.88999999999993, 0.29000000000000004], -0.0, False, 0.2, 2]
[[296.98999999999995, 0.29000000000000004], -0.0, False, 0.2, 2]
[[298.09, 0.29000000000000004], -0.0, False, 0.2, 2]
[[299.19, 0.29000000000000004], -0.0, False, 0.2, 2]
[[300.29, 0.29000000000000004], -0.0, False, 0.2, 2]
[[301.39000000000004, 0.29000000000000004], -0.0, False, 0.2, 2]
[[302.49000000000007, 0.29000000000000004], -0.0, False, 0.2, 2]
[[303.5900000000001, 0.29000000000000004], -0.0, False, 0.2, 2]
[[304.6900000000001, 0.29000000000000004], -0.0, False, 0.2, 2]
[[305.79000000000013, 0.29000000000000004], -0.0, False, 0.2, 2]
[[306.89000000000016, 0.29000000000000004], -0.0, False, 0.2, 2]
[[307.9900000000002, 0.29000000000000004], -0.0, False, 0.2, 2]
[[309.0900000000002, 0.29000000000000004], -0.0, False, 0.2, 2]
[[310.1900000000002, 0.29000000000000004], -0.0, False, 0.2, 2]
[[311.29000000000025, 0.29000000000000004], -0.0, False, 0.2, 2]
[[312.39000000000027, 0.29000000000000004], -0.0, False, 0.2, 2]
[[313.4900000000003, 0.29000000000000004], -0.0, False, 0.2, 2]
[[314.5900000000003, 0.29000000000000004], -0.0, False, 0.2, 2]
[[315.69000000000034, 0.29000000000000004], -0.0, False, 0.2, 2]
[[316.79000000000036, 0.29000000000000004], -0.0, False, 0.2, 2]
[[317.8900000000004, 0.29000000000000004], -0.0, False, 0.2, 2]
[[318.9900000000004, 0.29000000000000004], -0.0, False, 0.2, 2]
[[320.09000000000043, 0.29000000000000004], -0.0, False, 0.2, 2]
[[321.19000000000045, 0.29000000000000004], -0.0, False, 0.2, 2]
[[322.2900000000005, 0.29000000000000004], -0.0, False, 0.2, 2]
[[323.3900000000005, 0.29000000000000004], -0.0, False, 0.2, 2]
[[324.4900000000005, 0.29000000000000004], -0.0, False, 0.2, 2]
[[325.59000000000054, 0.29000000000000004], -0.0, False, 0.2, 2]
[[326.69000000000057, 0.29000000000000004], -0.0, False, 0.2, 2]
[[327.7900000000006, 0.29000000000000004], -0.0, False, 0.2, 2]
[[328.8900000000006, 0.29000000000000004], -0.0, False, 0.2, 2]
[[329.99000000000063, 0.29000000000000004], -0.0, False, 0.2, 2]
[[331.09000000000066, 0.29000000000000004], -0.0, False, 0.2, 2]
[[332.1900000000007, 0.29000000000000004], -0.0, False, 0.2, 2]
[[333.2900000000007, 0.29000000000000004], -0.0, False, 0.2, 2]
[[334.3900000000007, 0.29000000000000004], -0.0, False, 0.2, 2]
[[335.49000000000075, 0.29000000000000004], -0.0, False, 0.2, 2]
[[336.59000000000077, 0.29000000000000004], -0.0, False, 0.2, 2]
[[337.6900000000008, 0.29000000000000004], -0.0, False, 0.2, 2]
[[338.7900000000008, 0.29000000000000004], -0.0, False, 0.2, 2]
[[339.89000000000084, 0.29000000000000004], -0.0, False, 0.2, 2]
[[340.99000000000086, 0.29000000000000004], -0.0, False, 0.2, 2]
[[342.0900000000009, 0.29000000000000004], -0.0, False, 0.2, 2]
[[343.1900000000009, 0.29000000000000004], -0.0, False, 0.2, 2]
[[344.29000000000093, 0.29000000000000004], -0.0, False, 0.2, 2]
[[345.39000000000095, 0.29000000000000004], -0.0, False, 0.2, 2]
[[346.490000000001, 0.29000000000000004], -0.0, False, 0.2, 2]
[[347.590000000001, 0.29000000000000004], -0.0, False, 0.2, 2]
[[348.690000000001, 0.29000000000000004], -0.0, False, 0.2, 2]
[[349.79000000000104, 0.29000000000000004], -0.0, False, 0.2, 2]
[[350.89000000000107, 0.29000000000000004], -0.0, False, 0.2, 2]
[[351.9900000000011, 0.29000000000000004], -0.0, False, 0.2, 2]
[[353.0900000000011, 0.29000000000000004], -0.0, False, 0.2, 2]
[[354.19000000000113, 0.29000000000000004], -0.0, False, 0.2, 2]
[[355.29000000000116, 0.29000000000000004], -0.0, False, 0.2, 2]
[[356.3900000000012, 0.29000000000000004], -0.0, False, 0.2, 2]
[[357.4900000000012, 0.29000000000000004], -0.0, False, 0.2, 2]
[[358.5900000000012, 0.29000000000000004], -0.0, False, 0.2, 2]
[[359.69000000000125, 0.29000000000000004], -0.0, False, 0.2, 2]
[[360.79000000000127, 0.29000000000000004], -0.0, False, 0.2, 2]
[[361.8900000000013, 0.29000000000000004], -0.0, False, 0.2, 2]
[[362.9900000000013, 0.29000000000000004], -0.0, False, 0.2, 2]
[[364.09000000000134, 0.29000000000000004], -0.0, False, 0.2, 2]
[[365.19000000000136, 0.29000000000000004], -0.0, False, 0.2, 2]
[[366.2900000000014, 0.29000000000000004], -0.0, False, 0.2, 2]
[[367.3900000000014, 0.29000000000000004], -0.0, False, 0.2, 2]
[[368.49000000000143, 0.29000000000000004], -0.0, False, 0.2, 2]
[[369.59000000000145, 0.29000000000000004], -0.0, False, 0.2, 2]
[[370.6900000000015, 0.29000000000000004], -0.0, False, 0.2, 2]
[[371.7900000000015, 0.29000000000000004], -0.0, False, 0.2, 2]
[[372.8900000000015, 0.29000000000000004], -0.0, False, 0.2, 2]
[[373.99000000000154, 0.29000000000000004], -0.0, False, 0.2, 2]
[[375.09000000000157, 0.29000000000000004], -0.0, False, 0.2, 2]
[[376.1900000000016, 0.29000000000000004], -0.0, False, 0.2, 2]
[[377.2900000000016, 0.29000000000000004], -0.0, False, 0.2, 2]
[[378.39000000000163, 0.29000000000000004], -0.0, False, 0.2, 2]
[[379.49000000000166, 0.29000000000000004], -0.0, False, 0.2, 2]
[[380.5900000000017, 0.29000000000000004], -0.0, False, 0.2, 2]
[[381.6900000000017, 0.29000000000000004], -0.0, False, 0.2, 2]
[[382.7900000000017, 0.29000000000000004], -0.0, False, 0.2, 2]
[[383.89000000000175, 0.29000000000000004], -0.0, False, 0.2, 2]
[[384.99000000000177, 0.29000000000000004], -0.0, False, 0.2, 2]
[[386.0900000000018, 0.29000000000000004], -0.0, False, 0.2, 2]
[[387.1900000000018, 0.29000000000000004], -0.0, False, 0.2, 2]
[[388.29000000000184, 0.29000000000000004], -0.0, False, 0.2, 2]
[[389.39000000000186, 0.29000000000000004], -0.0, False, 0.2, 2]
[[390.4900000000019, 0.29000000000000004], -0.0, False, 0.2, 2]
[[391.5900000000019, 0.29000000000000004], -0.0, False, 0.2, 2]
[[392.69000000000193, 0.29000000000000004], -0.0, False, 0.2, 2]
[[393.79000000000195, 0.29000000000000004], -0.0, False, 0.2, 2]
[[394.890000000002, 0.29000000000000004], -0.0, False, 0.2, 2]
[[395.990000000002, 0.29000000000000004], -0.0, False, 0.2, 2]
[[397.090000000002, 0.29000000000000004], -0.0, False, 0.2, 2]
[[398.19000000000204, 0.29000000000000004], -0.0, False, 0.2, 2]
[[399.29000000000207, 0.29000000000000004], -0.0, False, 0.2, 2]
[[400.3900000000021, 0.29000000000000004], -0.0, False, 0.2, 2]
[[401.4900000000021, 0.29000000000000004], -0.0, False, 0.2, 2]
[[402.59000000000214, 0.29000000000000004], -0.0, False, 0.2, 2]
[[403.69000000000216, 0.29000000000000004], -0.0, False, 0.2, 2]
[[404.7900000000022, 0.29000000000000004], -0.0, False, 0.2, 2]
[[405.8900000000022, 0.29000000000000004], -0.0, False, 0.2, 2]
[[406.9900000000022, 0.29000000000000004], -0.0, False, 0.2, 2]
[[408.09000000000225, 0.29000000000000004], -0.0, False, 0.2, 2]
[[409.19000000000227, 0.29000000000000004], -0.0, False, 0.2, 2]
[[410.2900000000023, 0.29000000000000004], -0.0, False, 0.2, 2]
[[411.3900000000023, 0.29000000000000004], -0.0, False, 0.2, 2]
[[412.49000000000234, 0.29000000000000004], -0.0, False, 0.2, 2]
[[413.59000000000236, 0.29000000000000004], -0.0, False, 0.2, 2]
[[414.6900000000024, 0.29000000000000004], -0.0, False, 0.2, 2]
[[415.7900000000024, 0.29000000000000004], -0.0, False, 0.2, 2]
[[416.89000000000243, 0.29000000000000004], -0.0, False, 0.2, 2]
[[417.99000000000245, 0.29000000000000004], -0.0, False, 0.2, 2]
[[419.0900000000025, 0.29000000000000004], -0.0, False, 0.2, 2]
[[420.1900000000025, 0.29000000000000004], -0.0, False, 0.2, 2]
[[421.2900000000025, 0.29000000000000004], -0.0, False, 0.2, 2]
[[422.39000000000254, 0.29000000000000004], -0.0, False, 0.2, 2]
[[423.49000000000257, 0.29000000000000004], -0.0, False, 0.2, 2]
[[424.5900000000026, 0.29000000000000004], -0.0, False, 0.2, 2]
[[425.6900000000026, 0.29000000000000004], -0.0, False, 0.2, 2]
[[426.79000000000264, 0.29000000000000004], -0.0, False, 0.2, 2]
[[427.89000000000266, 0.29000000000000004], -0.0, False, 0.2, 2]
[[428.9900000000027, 0.29000000000000004], -0.0, False, 0.2, 2]
[[430.0900000000027, 0.29000000000000004], -0.0, False, 0.2, 2]
[[431.1900000000027, 0.29000000000000004], -0.0, False, 0.2, 2]
[[432.29000000000275, 0.29000000000000004], -0.0, False, 0.2, 2]
[[433.3900000000028, 0.29000000000000004], -0.0, False, 0.2, 2]
[[434.4900000000028, 0.29000000000000004], -0.0, False, 0.2, 2]
[[435.5900000000028, 0.29000000000000004], -0.0, False, 0.2, 2]
[[436.69000000000284, 0.29000000000000004], -0.0, False, 0.2, 2]
[[437.79000000000286, 0.29000000000000004], -0.0, False, 0.2, 2]
[[438.8900000000029, 0.29000000000000004], -0.0, False, 0.2, 2]
[[439.9900000000029, 0.29000000000000004], -0.0, False, 0.2, 2]
[[441.09000000000293, 0.29000000000000004], -0.0, False, 0.2, 2]
[[442.19000000000295, 0.29000000000000004], -0.0, False, 0.2, 2]
[[443.290000000003, 0.29000000000000004], -0.0, False, 0.2, 2]
[[444.390000000003, 0.29000000000000004], -0.0, False, 0.2, 2]
[[445.490000000003, 0.29000000000000004], -0.0, False, 0.2, 2]
[[446.59000000000304, 0.29000000000000004], -0.0, False, 0.2, 2]
[[447.69000000000307, 0.29000000000000004], -0.0, False, 0.2, 2]
[[448.7900000000031, 0.29000000000000004], -0.0, False, 0.2, 2]
[[449.8900000000031, 0.29000000000000004], -0.0, False, 0.2, 2]
[[450.99000000000314, 0.29000000000000004], -0.0, False, 0.2, 2]
[[452.09000000000316, 0.29000000000000004], -0.0, False, 0.2, 2]
[[453.1900000000032, 0.29000000000000004], -0.0, False, 0.2, 2]
[[454.2900000000032, 0.29000000000000004], -0.0, False, 0.2, 2]
[[455.3900000000032, 0.29000000000000004], -0.0, False, 0.2, 2]
[[456.49000000000325, 0.29000000000000004], -0.0, False, 0.2, 2]
[[457.5900000000033, 0.29000000000000004], -0.0, False, 0.2, 2]
[[458.6900000000033, 0.29000000000000004], -0.0, False, 0.2, 2]
[[459.7900000000033, 0.29000000000000004], -0.0, False, 0.2, 2]
[[460.89000000000334, 0.29000000000000004], -0.0, False, 0.2, 2]
[[461.99000000000336, 0.29000000000000004], -0.0, False, 0.2, 2]
[[463.0900000000034, 0.29000000000000004], -0.0, False, 0.2, 2]
[[464.1900000000034, 0.29000000000000004], -0.0, False, 0.2, 2]
[[465.29000000000343, 0.29000000000000004], -0.0, False, 0.2, 2]
[[466.39000000000345, 0.29000000000000004], -0.0, False, 0.2, 2]
[[467.4900000000035, 0.29000000000000004], -0.0, False, 0.2, 2]
[[468.5900000000035, 0.29000000000000004], -0.0, False, 0.2, 2]
[[469.6900000000035, 0.29000000000000004], -0.0, False, 0.2, 2]
[[470.79000000000354, 0.29000000000000004], -0.0, False, 0.2, 2]
[[471.89000000000357, 0.29000000000000004], -0.0, False, 0.2, 2]
[[472.9900000000036, 0.29000000000000004], -0.0, False, 0.2, 2]
[[474.0900000000036, 0.29000000000000004], -0.0, False, 0.2, 2]
[[475.19000000000364, 0.29000000000000004], -0.0, False, 0.2, 2]
[[476.29000000000366, 0.29000000000000004], -0.0, False, 0.2, 2]
[[477.3900000000037, 0.29000000000000004], -0.0, False, 0.2, 2]
[[478.4900000000037, 0.29000000000000004], -0.0, False, 0.2, 2]
[[479.5900000000037, 0.29000000000000004], -0.0, False, 0.2, 2]
[[480.69000000000375, 0.29000000000000004], -0.0, False, 0.2, 2]
[[481.7900000000038, 0.29000000000000004], -0.0, False, 0.2, 2]
[[482.8900000000038, 0.29000000000000004], -0.0, False, 0.2, 2]
[[483.9900000000038, 0.29000000000000004], -0.0, False, 0.2, 2]
[[485.09000000000384, 0.29000000000000004], -0.0, False, 0.2, 2]
[[486.19000000000386, 0.29000000000000004], -0.0, False, 0.2, 2]
[[487.2900000000039, 0.29000000000000004], -0.0, False, 0.2, 2]
[[488.3900000000039, 0.29000000000000004], -0.0, False, 0.2, 2]
[[489.49000000000393, 0.29000000000000004], -0.0, False, 0.2, 2]
[[490.59000000000395, 0.29000000000000004], -0.0, False, 0.2, 2]
[[491.690000000004, 0.29000000000000004], -0.0, False, 0.2, 2]
[[492.790000000004, 0.29000000000000004], -0.0, False, 0.2, 2]
[[493.890000000004, 0.29000000000000004], -0.0, False, 0.2, 2]
[[494.99000000000404, 0.29000000000000004], -0.0, False, 0.2, 2]
[[496.09000000000407, 0.29000000000000004], -0.0, False, 0.2, 2]
[[497.1900000000041, 0.29000000000000004], -0.0, False, 0.2, 2]
[[498.2900000000041, 0.29000000000000004], -0.0, False, 0.2, 2]
[[499.39000000000414, 0.29000000000000004], -0.0, False, 0.2, 2]
[[500.49000000000416, 0.29000000000000004], -0.0, False, 0.2, 2]
[[501.5900000000042, 0.29000000000000004], -0.0, False, 0.2, 2]
[[502.6900000000042, 0.29000000000000004], -0.0, False, 0.2, 2]
[[503.7900000000042, 0.29000000000000004], -0.0, False, 0.2, 2]
[[504.89000000000425, 0.29000000000000004], -0.0, False, 0.2, 2]
[[505.9900000000043, 0.29000000000000004], -0.0, False, 0.2, 2]
[[507.0900000000043, 0.29000000000000004], -0.0, False, 0.2, 2]
[[508.1900000000043, 0.29000000000000004], -0.0, False, 0.2, 2]
[[509.29000000000434, 0.29000000000000004], -0.0, False, 0.2, 2]
[[510.39000000000436, 0.29000000000000004], -0.0, False, 0.2, 2]
[[511.4900000000044, 0.29000000000000004], -0.0, False, 0.2, 2]
[[512.5900000000044, 0.29000000000000004], -0.0, False, 0.2, 2]
[[513.6900000000044, 0.29000000000000004], -0.0, False, 0.2, 2]
[[514.7900000000044, 0.29000000000000004], -0.0, False, 0.2, 2]
[[515.8900000000044, 0.29000000000000004], -0.0, False, 0.2, 2]
[[516.9900000000044, 0.29000000000000004], -0.0, False, 0.2, 2]
[[518.0900000000045, 0.29000000000000004], -0.0, False, 0.2, 2]
[[519.1900000000045, 0.29000000000000004], -0.0, False, 0.2, 2]
[[520.2900000000045, 0.29000000000000004], -0.0, False, 0.2, 2]
[[521.3900000000045, 0.29000000000000004], -0.0, False, 0.2, 2]
[[522.4900000000046, 0.29000000000000004], -0.0, False, 0.2, 2]
[[523.5900000000046, 0.29000000000000004], -0.0, False, 0.2, 2]
[[524.6900000000046, 0.29000000000000004], -0.0, False, 0.2, 2]
[[525.7900000000046, 0.29000000000000004], -0.0, False, 0.2, 2]
[[526.8900000000046, 0.29000000000000004], -0.0, False, 0.2, 2]
[[527.9900000000047, 0.29000000000000004], -0.0, False, 0.2, 2]
[[529.0900000000047, 0.29000000000000004], -0.0, False, 0.2, 2]
[[530.1900000000047, 0.29000000000000004], -0.0, False, 0.2, 2]
[[531.2900000000047, 0.29000000000000004], -0.0, False, 0.2, 2]
[[532.3900000000048, 0.29000000000000004], -0.0, False, 0.2, 2]
[[533.4900000000048, 0.29000000000000004], -0.0, False, 0.2, 2]
[[534.5900000000048, 0.29000000000000004], -0.0, False, 0.2, 2]
[[535.6900000000048, 0.29000000000000004], -0.0, False, 0.2, 2]
[[536.7900000000049, 0.29000000000000004], -0.0, False, 0.2, 2]
[[537.8900000000049, 0.29000000000000004], -0.0, False, 0.2, 2]
[[538.9900000000049, 0.29000000000000004], -0.0, False, 0.2, 2]
[[540.0900000000049, 0.29000000000000004], -0.0, False, 0.2, 2]
[[541.1900000000049, 0.29000000000000004], -0.0, False, 0.2, 2]
[[542.290000000005, 0.29000000000000004], -0.0, False, 0.2, 2]
[[543.390000000005, 0.29000000000000004], -0.0, False, 0.2, 2]
[[544.490000000005, 0.29000000000000004], -0.0, False, 0.2, 2]
[[545.590000000005, 0.29000000000000004], -0.0, False, 0.2, 2]
[[546.690000000005, 0.29000000000000004], -0.0, False, 0.2, 2]
[[547.7900000000051, 0.29000000000000004], -0.0, False, 0.2, 2]
[[548.8900000000051, 0.29000000000000004], -0.0, False, 0.2, 2]
[[549.9900000000051, 0.29000000000000004], -0.0, False, 0.2, 2]
[[551.0900000000051, 0.29000000000000004], -0.0, False, 0.2, 2]
[[552.1900000000052, 0.29000000000000004], -0.0, False, 0.2, 2]
[[553.2900000000052, 0.29000000000000004], -0.0, False, 0.2, 2]
[[554.3900000000052, 0.29000000000000004], -0.0, False, 0.2, 2]
[[555.4900000000052, 0.29000000000000004], -0.0, False, 0.2, 2]
[[556.5900000000053, 0.29000000000000004], -0.0, False, 0.2, 2]
[[557.6900000000053, 0.29000000000000004], -0.0, False, 0.2, 2]
[[558.7900000000053, 0.29000000000000004], -0.0, False, 0.2, 2]
[[559.8900000000053, 0.29000000000000004], -0.0, False, 0.2, 2]
[[560.9900000000054, 0.29000000000000004], -0.0, False, 0.2, 2]
[[562.0900000000054, 0.29000000000000004], -0.0, False, 0.2, 2]
[[563.1900000000054, 0.29000000000000004], -0.0, False, 0.2, 2]
[[564.2900000000054, 0.29000000000000004], -0.0, False, 0.2, 2]
[[565.3900000000054, 0.29000000000000004], -0.0, False, 0.2, 2]
[[566.4900000000055, 0.29000000000000004], -0.0, False, 0.2, 2]
[[567.5900000000055, 0.29000000000000004], -0.0, False, 0.2, 2]
[[568.6900000000055, 0.29000000000000004], -0.0, False, 0.2, 2]
[[569.7900000000055, 0.29000000000000004], -0.0, False, 0.2, 2]
[[570.8900000000056, 0.29000000000000004], -0.0, False, 0.2, 2]
[[571.9900000000056, 0.29000000000000004], -0.0, False, 0.2, 2]
[[573.0900000000056, 0.29000000000000004], -0.0, False, 0.2, 2]
[[574.1900000000056, 0.29000000000000004], -0.0, False, 0.2, 2]
[[575.2900000000056, 0.29000000000000004], -0.0, False, 0.2, 2]
[[576.3900000000057, 0.29000000000000004], -0.0, False, 0.2, 2]
[[577.4900000000057, 0.29000000000000004], -0.0, False, 0.2, 2]
[[578.5900000000057, 0.29000000000000004], -0.0, False, 0.2, 2]
[[579.6900000000057, 0.29000000000000004], -0.0, False, 0.2, 2]
[[580.7900000000058, 0.29000000000000004], -0.0, False, 0.2, 2]
[[581.8900000000058, 0.29000000000000004], -0.0, False, 0.2, 2]
[[582.9900000000058, 0.29000000000000004], -0.0, False, 0.2, 2]
[[584.0900000000058, 0.29000000000000004], -0.0, False, 0.2, 2]
[[585.1900000000059, 0.29000000000000004], -0.0, False, 0.2, 2]
[[586.2900000000059, 0.29000000000000004], -0.0, False, 0.2, 2]
[[587.3900000000059, 0.29000000000000004], -0.0, False, 0.2, 2]
[[588.4900000000059, 0.29000000000000004], -0.0, False, 0.2, 2]
[[589.590000000006, 0.29000000000000004], -0.0, False, 0.2, 2]
[[590.690000000006, 0.29000000000000004], -0.0, False, 0.2, 2]
[[591.790000000006, 0.29000000000000004], -0.0, False, 0.2, 2]
[[592.890000000006, 0.29000000000000004], -0.0, False, 0.2, 2]
[[593.990000000006, 0.29000000000000004], -0.0, False, 0.2, 2]
[[595.0900000000061, 0.29000000000000004], -0.0, False, 0.2, 2]
[[596.1900000000061, 0.29000000000000004], -0.0, False, 0.2, 2]
[[597.2900000000061, 0.29000000000000004], -0.0, False, 0.2, 2]
[[598.3900000000061, 0.29000000000000004], -0.0, False, 0.2, 2]
[[599.4900000000061, 0.29000000000000004], -0.0, False, 0.2, 2]
[[600.5900000000062, 0.29000000000000004], -0.0, False, 0.2, 2]
[[601.6900000000062, 0.29000000000000004], -0.0, False, 0.2, 2]
[[602.7900000000062, 0.29000000000000004], -0.0, False, 0.2, 2]
[[603.8900000000062, 0.29000000000000004], -0.0, False, 0.2, 2]
[[604.9900000000063, 0.29000000000000004], -0.0, False, 0.2, 2]
[[606.0900000000063, 0.29000000000000004], -0.0, False, 0.2, 2]
[[607.1900000000063, 0.29000000000000004], -0.0, False, 0.2, 2]
[[608.2900000000063, 0.29000000000000004], -0.0, False, 0.2, 2]
[[609.3900000000064, 0.29000000000000004], -0.0, False, 0.2, 2]
[[610.4900000000064, 0.29000000000000004], -0.0, False, 0.2, 2]
[[611.5900000000064, 0.29000000000000004], -0.0, False, 0.2, 2]
[[612.6900000000064, 0.29000000000000004], -0.0, False, 0.2, 2]
[[613.7900000000064, 0.29000000000000004], -0.0, False, 0.2, 2]
[[614.8900000000065, 0.29000000000000004], -0.0, False, 0.2, 2]
[[615.9900000000065, 0.29000000000000004], -0.0, False, 0.2, 2]
[[617.0900000000065, 0.29000000000000004], -0.0, False, 0.2, 2]
[[618.1900000000065, 0.29000000000000004], -0.0, False, 0.2, 2]
[[619.2900000000066, 0.29000000000000004], -0.0, False, 0.2, 2]
[[620.3900000000066, 0.29000000000000004], -0.0, False, 0.2, 2]
[[621.4900000000066, 0.29000000000000004], -0.0, False, 0.2, 2]
[[622.5900000000066, 0.29000000000000004], -0.0, False, 0.2, 2]
[[623.6900000000066, 0.29000000000000004], -0.0, False, 0.2, 2]
[[624.7900000000067, 0.29000000000000004], -0.0, False, 0.2, 2]
[[625.8900000000067, 0.29000000000000004], -0.0, False, 0.2, 2]
[[626.9900000000067, 0.29000000000000004], -0.0, False, 0.2, 2]
[[628.0900000000067, 0.29000000000000004], -0.0, False, 0.2, 2]
[[629.1900000000068, 0.29000000000000004], -0.0, False, 0.2, 2]
[[630.2900000000068, 0.29000000000000004], -0.0, False, 0.2, 2]
[[631.3900000000068, 0.29000000000000004], -0.0, False, 0.2, 2]
[[632.4900000000068, 0.29000000000000004], -0.0, False, 0.2, 2]
[[633.5900000000069, 0.29000000000000004], -0.0, False, 0.2, 2]
[[634.6900000000069, 0.29000000000000004], -0.0, False, 0.2, 2]
[[635.7900000000069, 0.29000000000000004], -0.0, False, 0.2, 2]
[[636.8900000000069, 0.29000000000000004], -0.0, False, 0.2, 2]
[[637.990000000007, 0.29000000000000004], -0.0, False, 0.2, 2]
[[639.090000000007, 0.29000000000000004], -0.0, False, 0.2, 2]
[[640.190000000007, 0.29000000000000004], -0.0, False, 0.2, 2]
[[641.290000000007, 0.29000000000000004], -0.0, False, 0.2, 2]
[[642.390000000007, 0.29000000000000004], -0.0, False, 0.2, 2]
[[643.4900000000071, 0.29000000000000004], -0.0, False, 0.2, 2]
[[644.5900000000071, 0.29000000000000004], -0.0, False, 0.2, 2]
[[645.6900000000071, 0.29000000000000004], -0.0, False, 0.2, 2]
[[646.7900000000071, 0.29000000000000004], -0.0, False, 0.2, 2]
[[647.8900000000071, 0.29000000000000004], -0.0, False, 0.2, 2]
[[648.9900000000072, 0.29000000000000004], -0.0, False, 0.2, 2]
[[650.0900000000072, 0.29000000000000004], -0.0, False, 0.2, 2]
[[651.1900000000072, 0.29000000000000004], -0.0, False, 0.2, 2]
[[652.2900000000072, 0.29000000000000004], -0.0, False, 0.2, 2]
[[653.3900000000073, 0.29000000000000004], -0.0, False, 0.2, 2]
[[654.4900000000073, 0.29000000000000004], -0.0, False, 0.2, 2]
[[655.5900000000073, 0.29000000000000004], -0.0, False, 0.2, 2]
[[656.6900000000073, 0.29000000000000004], -0.0, False, 0.2, 2]
[[657.7900000000074, 0.29000000000000004], -0.0, False, 0.2, 2]
[[658.8900000000074, 0.29000000000000004], -0.0, False, 0.2, 2]
[[659.9900000000074, 0.29000000000000004], -0.0, False, 0.2, 2]
[[661.0900000000074, 0.29000000000000004], -0.0, False, 0.2, 2]
[[662.1900000000074, 0.29000000000000004], -0.0, False, 0.2, 2]
[[663.2900000000075, 0.29000000000000004], -0.0, False, 0.2, 2]
[[664.3900000000075, 0.29000000000000004], -0.0, False, 0.2, 2]
[[665.4900000000075, 0.29000000000000004], -0.0, False, 0.2, 2]
[[666.5900000000075, 0.29000000000000004], -0.0, False, 0.2, 2]
[[667.6900000000076, 0.29000000000000004], -0.0, False, 0.2, 2]
[[668.7900000000076, 0.29000000000000004], -0.0, False, 0.2, 2]
[[669.8900000000076, 0.29000000000000004], -0.0, False, 0.2, 2]
[[670.9900000000076, 0.29000000000000004], -0.0, False, 0.2, 2]
[[672.0900000000076, 0.29000000000000004], -0.0, False, 0.2, 2]
[[673.1900000000077, 0.29000000000000004], -0.0, False, 0.2, 2]
[[674.2900000000077, 0.29000000000000004], -0.0, False, 0.2, 2]
[[675.3900000000077, 0.29000000000000004], -0.0, False, 0.2, 2]
[[676.4900000000077, 0.29000000000000004], -0.0, False, 0.2, 2]
[[677.5900000000078, 0.29000000000000004], -0.0, False, 0.2, 2]
[[678.6900000000078, 0.29000000000000004], -0.0, False, 0.2, 2]
[[679.7900000000078, 0.29000000000000004], -0.0, False, 0.2, 2]
[[680.8900000000078, 0.29000000000000004], -0.0, False, 0.2, 2]
[[681.9900000000079, 0.29000000000000004], -0.0, False, 0.2, 2]
[[683.0900000000079, 0.29000000000000004], -0.0, False, 0.2, 2]
[[684.1900000000079, 0.29000000000000004], -0.0, False, 0.2, 2]
[[685.2900000000079, 0.29000000000000004], -0.0, False, 0.2, 2]
[[686.390000000008, 0.29000000000000004], -0.0, False, 0.2, 2]
[[687.490000000008, 0.29000000000000004], -0.0, False, 0.2, 2]
[[688.590000000008, 0.29000000000000004], -0.0, False, 0.2, 2]
[[689.690000000008, 0.29000000000000004], -0.0, False, 0.2, 2]
[[690.790000000008, 0.29000000000000004], -0.0, False, 0.2, 2]
[[691.8900000000081, 0.29000000000000004], -0.0, False, 0.2, 2]
[[692.9900000000081, 0.29000000000000004], -0.0, False, 0.2, 2]
[[694.0900000000081, 0.29000000000000004], -0.0, False, 0.2, 2]
[[695.1900000000081, 0.29000000000000004], -0.0, False, 0.2, 2]
[[696.2900000000081, 0.29000000000000004], -0.0, False, 0.2, 2]
[[697.3900000000082, 0.29000000000000004], -0.0, False, 0.2, 2]
[[698.4900000000082, 0.29000000000000004], -0.0, False, 0.2, 2]
[[699.5900000000082, 0.29000000000000004], -0.0, False, 0.2, 2]
[[700.6900000000082, 0.29000000000000004], -0.0, False, 0.2, 2]
[[701.7900000000083, 0.29000000000000004], -0.0, False, 0.2, 2]
[[702.8900000000083, 0.29000000000000004], -0.0, False, 0.2, 2]
[[703.9900000000083, 0.29000000000000004], -0.0, False, 0.2, 2]
[[705.0900000000083, 0.29000000000000004], -0.0, False, 0.2, 2]
[[706.1900000000084, 0.29000000000000004], -0.0, False, 0.2, 2]
[[707.2900000000084, 0.29000000000000004], -0.0, False, 0.2, 2]
[[708.3900000000084, 0.29000000000000004], -0.0, False, 0.2, 2]
[[709.4900000000084, 0.29000000000000004], -0.0, False, 0.2, 2]
[[710.5900000000084, 0.29000000000000004], -0.0, False, 0.2, 2]
[[711.6900000000085, 0.29000000000000004], -0.0, False, 0.2, 2]
[[712.7900000000085, 0.29000000000000004], -0.0, False, 0.2, 2]
[[713.8900000000085, 0.29000000000000004], -0.0, False, 0.2, 2]
[[714.9900000000085, 0.29000000000000004], -0.0, False, 0.2, 2]
[[716.0900000000086, 0.29000000000000004], -0.0, False, 0.2, 2]
[[717.1900000000086, 0.29000000000000004], -0.0, False, 0.2, 2]
[[718.2900000000086, 0.29000000000000004], -0.0, False, 0.2, 2]
[[719.3900000000086, 0.29000000000000004], -0.0, False, 0.2, 2]
[[720.4900000000086, 0.29000000000000004], -0.0, False, 0.2, 2]
[[721.5900000000087, 0.29000000000000004], -0.0, False, 0.2, 2]
[[722.6900000000087, 0.29000000000000004], -0.0, False, 0.2, 2]
[[723.7900000000087, 0.29000000000000004], -0.0, False, 0.2, 2]
[[724.8900000000087, 0.29000000000000004], -0.0, False, 0.2, 2]
[[725.9900000000088, 0.29000000000000004], -0.0, False, 0.2, 2]
[[727.0900000000088, 0.29000000000000004], -0.0, False, 0.2, 2]
[[728.1900000000088, 0.29000000000000004], -0.0, False, 0.2, 2]
[[729.2900000000088, 0.29000000000000004], -0.0, False, 0.2, 2]
[[730.3900000000089, 0.29000000000000004], -0.0, False, 0.2, 2]
[[731.4900000000089, 0.29000000000000004], -0.0, False, 0.2, 2]
[[732.5900000000089, 0.29000000000000004], -0.0, False, 0.2, 2]
[[733.6900000000089, 0.29000000000000004], -0.0, False, 0.2, 2]
[[734.790000000009, 0.29000000000000004], -0.0, False, 0.2, 2]
[[735.890000000009, 0.29000000000000004], -0.0, False, 0.2, 2]
[[736.990000000009, 0.29000000000000004], -0.0, False, 0.2, 2]
[[738.090000000009, 0.29000000000000004], -0.0, False, 0.2, 2]
[[739.190000000009, 0.29000000000000004], -0.0, False, 0.2, 2]
[[740.2900000000091, 0.29000000000000004], -0.0, False, 0.2, 2]
[[741.3900000000091, 0.29000000000000004], -0.0, False, 0.2, 2]
[[742.4900000000091, 0.29000000000000004], -0.0, False, 0.2, 2]
[[743.5900000000091, 0.29000000000000004], -0.0, False, 0.2, 2]
[[744.6900000000091, 0.29000000000000004], -0.0, False, 0.2, 2]
[[745.7900000000092, 0.29000000000000004], -0.0, False, 0.2, 2]
[[746.8900000000092, 0.29000000000000004], -0.0, False, 0.2, 2]
[[747.9900000000092, 0.29000000000000004], -0.0, False, 0.2, 2]
[[749.0900000000092, 0.29000000000000004], -0.0, False, 0.2, 2]
[[750.1900000000093, 0.29000000000000004], -0.0, False, 0.2, 2]
[[751.2900000000093, 0.29000000000000004], -0.0, False, 0.2, 2]
[[752.3900000000093, 0.29000000000000004], -0.0, False, 0.2, 2]
[[753.4900000000093, 0.29000000000000004], -0.0, False, 0.2, 2]
[[754.5900000000094, 0.29000000000000004], -0.0, False, 0.2, 2]
[[755.6900000000094, 0.29000000000000004], -0.0, False, 0.2, 2]
[[756.7900000000094, 0.29000000000000004], -0.0, False, 0.2, 2]
[[757.8900000000094, 0.29000000000000004], -0.0, False, 0.2, 2]
[[758.9900000000094, 0.29000000000000004], -0.0, False, 0.2, 2]
[[760.0900000000095, 0.29000000000000004], -0.0, False, 0.2, 2]
[[761.1900000000095, 0.29000000000000004], -0.0, False, 0.2, 2]
[[762.2900000000095, 0.29000000000000004], -0.0, False, 0.2, 2]
[[763.3900000000095, 0.29000000000000004], -0.0, False, 0.2, 2]
[[764.4900000000096, 0.29000000000000004], -0.0, False, 0.2, 2]
[[765.5900000000096, 0.29000000000000004], -0.0, False, 0.2, 2]
[[766.6900000000096, 0.29000000000000004], -0.0, False, 0.2, 2]
[[767.7900000000096, 0.29000000000000004], -0.0, False, 0.2, 2]
[[768.8900000000096, 0.29000000000000004], -0.0, False, 0.2, 2]
[[769.9900000000097, 0.29000000000000004], -0.0, False, 0.2, 2]
[[771.0900000000097, 0.29000000000000004], -0.0, False, 0.2, 2]
[[772.1900000000097, 0.29000000000000004], -0.0, False, 0.2, 2]
[[773.2900000000097, 0.29000000000000004], -0.0, False, 0.2, 2]
[[774.3900000000098, 0.29000000000000004], -0.0, False, 0.2, 2]
[[775.4900000000098, 0.29000000000000004], -0.0, False, 0.2, 2]
[[776.5900000000098, 0.29000000000000004], -0.0, False, 0.2, 2]
[[777.6900000000098, 0.29000000000000004], -0.0, False, 0.2, 2]
[[778.7900000000099, 0.29000000000000004], -0.0, False, 0.2, 2]
[[779.8900000000099, 0.29000000000000004], -0.0, False, 0.2, 2]
[[780.9900000000099, 0.29000000000000004], -0.0, False, 0.2, 2]
[[782.0900000000099, 0.29000000000000004], -0.0, False, 0.2, 2]
[[783.19000000001, 0.29000000000000004], -0.0, False, 0.2, 2]
[[784.29000000001, 0.29000000000000004], -0.0, False, 0.2, 2]
[[785.39000000001, 0.29000000000000004], -0.0, False, 0.2, 2]
[[786.49000000001, 0.29000000000000004], -0.0, False, 0.2, 2]
[[787.59000000001, 0.29000000000000004], -0.0, False, 0.2, 2]
[[788.6900000000101, 0.29000000000000004], -0.0, False, 0.2, 2]
[[789.7900000000101, 0.29000000000000004], -0.0, False, 0.2, 2]
[[790.8900000000101, 0.29000000000000004], -0.0, False, 0.2, 2]
[[791.9900000000101, 0.29000000000000004], -0.0, False, 0.2, 2]
[[793.0900000000101, 0.29000000000000004], -0.0, False, 0.2, 2]
[[794.1900000000102, 0.29000000000000004], -0.0, False, 0.2, 2]
[[795.2900000000102, 0.29000000000000004], -0.0, False, 0.2, 2]
[[796.3900000000102, 0.29000000000000004], -0.0, False, 0.2, 2]
[[797.4900000000102, 0.29000000000000004], -0.0, False, 0.2, 2]
[[798.5900000000103, 0.29000000000000004], -0.0, False, 0.2, 2]
[[799.6900000000103, 0.29000000000000004], -0.0, False, 0.2, 2]
[[800.7900000000103, 0.29000000000000004], -0.0, False, 0.2, 2]
[[801.8900000000103, 0.29000000000000004], -0.0, False, 0.2, 2]
[[802.9900000000104, 0.29000000000000004], -0.0, False, 0.2, 2]
[[804.0900000000104, 0.29000000000000004], -0.0, False, 0.2, 2]
[[805.1900000000104, 0.29000000000000004], -0.0, False, 0.2, 2]
[[806.2900000000104, 0.29000000000000004], -0.0, False, 0.2, 2]
[[807.3900000000104, 0.29000000000000004], -0.0, False, 0.2, 2]
[[808.4900000000105, 0.29000000000000004], -0.0, False, 0.2, 2]
[[809.5900000000105, 0.29000000000000004], -0.0, False, 0.2, 2]
[[810.6900000000105, 0.29000000000000004], -0.0, False, 0.2, 2]
[[811.7900000000105, 0.29000000000000004], -0.0, False, 0.2, 2]
[[812.8900000000106, 0.29000000000000004], -0.0, False, 0.2, 2]
[[813.9900000000106, 0.29000000000000004], -0.0, False, 0.2, 2]
[[815.0900000000106, 0.29000000000000004], -0.0, False, 0.2, 2]
[[816.1900000000106, 0.29000000000000004], -0.0, False, 0.2, 2]
[[817.2900000000107, 0.29000000000000004], -0.0, False, 0.2, 2]
[[818.3900000000107, 0.29000000000000004], -0.0, False, 0.2, 2]
[[819.4900000000107, 0.29000000000000004], -0.0, False, 0.2, 2]
[[820.5900000000107, 0.29000000000000004], -0.0, False, 0.2, 2]
[[821.6900000000107, 0.29000000000000004], -0.0, False, 0.2, 2]
[[822.7900000000108, 0.29000000000000004], -0.0, False, 0.2, 2]
[[823.8900000000108, 0.29000000000000004], -0.0, False, 0.2, 2]
[[824.9900000000108, 0.29000000000000004], -0.0, False, 0.2, 2]
[[826.0900000000108, 0.29000000000000004], -0.0, False, 0.2, 2]
[[827.1900000000109, 0.29000000000000004], -0.0, False, 0.2, 2]
[[828.2900000000109, 0.29000000000000004], -0.0, False, 0.2, 2]
[[829.3900000000109, 0.29000000000000004], -0.0, False, 0.2, 2]
[[830.4900000000109, 0.29000000000000004], -0.0, False, 0.2, 2]
[[831.590000000011, 0.29000000000000004], -0.0, False, 0.2, 2]
[[832.690000000011, 0.29000000000000004], -0.0, False, 0.2, 2]
[[833.790000000011, 0.29000000000000004], -0.0, False, 0.2, 2]
[[834.890000000011, 0.29000000000000004], -0.0, False, 0.2, 2]
[[835.990000000011, 0.29000000000000004], -0.0, False, 0.2, 2]
[[837.0900000000111, 0.29000000000000004], -0.0, False, 0.2, 2]
[[838.1900000000111, 0.29000000000000004], -0.0, False, 0.2, 2]
[[839.2900000000111, 0.29000000000000004], -0.0, False, 0.2, 2]
[[840.3900000000111, 0.29000000000000004], -0.0, False, 0.2, 2]
[[841.4900000000112, 0.29000000000000004], -0.0, False, 0.2, 2]
[[842.5900000000112, 0.29000000000000004], -0.0, False, 0.2, 2]
[[843.6900000000112, 0.29000000000000004], -0.0, False, 0.2, 2]
[[844.7900000000112, 0.29000000000000004], -0.0, False, 0.2, 2]
[[845.8900000000112, 0.29000000000000004], -0.0, False, 0.2, 2]
[[846.9900000000113, 0.29000000000000004], -0.0, False, 0.2, 2]
[[848.0900000000113, 0.29000000000000004], -0.0, False, 0.2, 2]
[[849.1900000000113, 0.29000000000000004], -0.0, False, 0.2, 2]
[[850.2900000000113, 0.29000000000000004], -0.0, False, 0.2, 2]
[[851.3900000000114, 0.29000000000000004], -0.0, False, 0.2, 2]
[[852.4900000000114, 0.29000000000000004], -0.0, False, 0.2, 2]
[[853.5900000000114, 0.29000000000000004], -0.0, False, 0.2, 2]
[[854.6900000000114, 0.29000000000000004], -0.0, False, 0.2, 2]
[[855.7900000000114, 0.29000000000000004], -0.0, False, 0.2, 2]
[[856.8900000000115, 0.29000000000000004], -0.0, False, 0.2, 2]
[[857.9900000000115, 0.29000000000000004], -0.0, False, 0.2, 2]
[[859.0900000000115, 0.29000000000000004], -0.0, False, 0.2, 2]
[[860.1900000000115, 0.29000000000000004], -0.0, False, 0.2, 2]
[[861.2900000000116, 0.29000000000000004], -0.0, False, 0.2, 2]
[[862.3900000000116, 0.29000000000000004], -0.0, False, 0.2, 2]
[[863.4900000000116, 0.29000000000000004], -0.0, False, 0.2, 2]
[[864.5900000000116, 0.29000000000000004], -0.0, False, 0.2, 2]
[[865.6900000000117, 0.29000000000000004], -0.0, False, 0.2, 2]
[[866.7900000000117, 0.29000000000000004], -0.0, False, 0.2, 2]
[[867.8900000000117, 0.29000000000000004], -0.0, False, 0.2, 2]
[[868.9900000000117, 0.29000000000000004], -0.0, False, 0.2, 2]
[[870.0900000000117, 0.29000000000000004], -0.0, False, 0.2, 2]
[[871.1900000000118, 0.29000000000000004], -0.0, False, 0.2, 2]
[[872.2900000000118, 0.29000000000000004], -0.0, False, 0.2, 2]
[[873.3900000000118, 0.29000000000000004], -0.0, False, 0.2, 2]
[[874.4900000000118, 0.29000000000000004], -0.0, False, 0.2, 2]
[[875.5900000000119, 0.29000000000000004], -0.0, False, 0.2, 2]
[[876.6900000000119, 0.29000000000000004], -0.0, False, 0.2, 2]
[[877.7900000000119, 0.29000000000000004], -0.0, False, 0.2, 2]
[[878.8900000000119, 0.29000000000000004], -0.0, False, 0.2, 2]
[[879.990000000012, 0.29000000000000004], -0.0, False, 0.2, 2]
[[881.090000000012, 0.29000000000000004], -0.0, False, 0.2, 2]
[[882.190000000012, 0.29000000000000004], -0.0, False, 0.2, 2]
[[883.290000000012, 0.29000000000000004], -0.0, False, 0.2, 2]
[[884.390000000012, 0.29000000000000004], -0.0, False, 0.2, 2]
[[885.4900000000121, 0.29000000000000004], -0.0, False, 0.2, 2]
[[886.5900000000121, 0.29000000000000004], -0.0, False, 0.2, 2]
[[887.6900000000121, 0.29000000000000004], -0.0, False, 0.2, 2]
[[888.7900000000121, 0.29000000000000004], -0.0, False, 0.2, 2]
[[889.8900000000122, 0.29000000000000004], -0.0, False, 0.2, 2]
[[890.9900000000122, 0.29000000000000004], -0.0, False, 0.2, 2]
[[892.0900000000122, 0.29000000000000004], -0.0, False, 0.2, 2]
[[893.1900000000122, 0.29000000000000004], -0.0, False, 0.2, 2]
[[894.2900000000122, 0.29000000000000004], -0.0, False, 0.2, 2]
[[895.3900000000123, 0.29000000000000004], -0.0, False, 0.2, 2]
[[896.4900000000123, 0.29000000000000004], -0.0, False, 0.2, 2]
[[897.5900000000123, 0.29000000000000004], -0.0, False, 0.2, 2]
[[898.6900000000123, 0.29000000000000004], -0.0, False, 0.2, 2]
[[899.7900000000124, 0.29000000000000004], -0.0, False, 0.2, 2]
[[900.8900000000124, 0.29000000000000004], -0.0, False, 0.2, 2]
[[901.9900000000124, 0.29000000000000004], -0.0, False, 0.2, 2]
[[903.0900000000124, 0.29000000000000004], -0.0, False, 0.2, 2]
[[904.1900000000124, 0.29000000000000004], -0.0, False, 0.2, 2]
[[905.2900000000125, 0.29000000000000004], -0.0, False, 0.2, 2]
[[906.3900000000125, 0.29000000000000004], -0.0, False, 0.2, 2]
[[907.4900000000125, 0.29000000000000004], -0.0, False, 0.2, 2]
[[908.5900000000125, 0.29000000000000004], -0.0, False, 0.2, 2]
[[909.6900000000126, 0.29000000000000004], -0.0, False, 0.2, 2]
[[910.7900000000126, 0.29000000000000004], -0.0, False, 0.2, 2]
[[911.8900000000126, 0.29000000000000004], -0.0, False, 0.2, 2]
[[912.9900000000126, 0.29000000000000004], -0.0, False, 0.2, 2]
[[914.0900000000127, 0.29000000000000004], -0.0, False, 0.2, 2]
[[915.1900000000127, 0.29000000000000004], -0.0, False, 0.2, 2]
[[916.2900000000127, 0.29000000000000004], -0.0, False, 0.2, 2]
[[917.3900000000127, 0.29000000000000004], -0.0, False, 0.2, 2]
[[918.4900000000127, 0.29000000000000004], -0.0, False, 0.2, 2]
[[919.5900000000128, 0.29000000000000004], -0.0, False, 0.2, 2]
[[920.6900000000128, 0.29000000000000004], -0.0, False, 0.2, 2]
[[921.7900000000128, 0.29000000000000004], -0.0, False, 0.2, 2]
[[922.8900000000128, 0.29000000000000004], -0.0, False, 0.2, 2]
[[923.9900000000129, 0.29000000000000004], -0.0, False, 0.2, 2]
[[925.0900000000129, 0.29000000000000004], -0.0, False, 0.2, 2]
[[926.1900000000129, 0.29000000000000004], -0.0, False, 0.2, 2]
[[927.2900000000129, 0.29000000000000004], -0.0, False, 0.2, 2]
[[928.390000000013, 0.29000000000000004], -0.0, False, 0.2, 2]
[[929.490000000013, 0.29000000000000004], -0.0, False, 0.2, 2]
[[930.590000000013, 0.29000000000000004], -0.0, False, 0.2, 2]
[[931.690000000013, 0.29000000000000004], -0.0, False, 0.2, 2]
[[932.790000000013, 0.29000000000000004], -0.0, False, 0.2, 2]
[[933.8900000000131, 0.29000000000000004], -0.0, False, 0.2, 2]
[[934.9900000000131, 0.29000000000000004], -0.0, False, 0.2, 2]
[[936.0900000000131, 0.29000000000000004], -0.0, False, 0.2, 2]
[[937.1900000000131, 0.29000000000000004], -0.0, False, 0.2, 2]
[[938.2900000000132, 0.29000000000000004], -0.0, False, 0.2, 2]
[[939.3900000000132, 0.29000000000000004], -0.0, False, 0.2, 2]
[[940.4900000000132, 0.29000000000000004], -0.0, False, 0.2, 2]
[[941.5900000000132, 0.29000000000000004], -0.0, False, 0.2, 2]
[[942.6900000000132, 0.29000000000000004], -0.0, False, 0.2, 2]
[[943.7900000000133, 0.29000000000000004], -0.0, False, 0.2, 2]
[[944.8900000000133, 0.29000000000000004], -0.0, False, 0.2, 2]
[[945.9900000000133, 0.29000000000000004], -0.0, False, 0.2, 2]
[[947.0900000000133, 0.29000000000000004], -0.0, False, 0.2, 2]
[[948.1900000000134, 0.29000000000000004], -0.0, False, 0.2, 2]
[[949.2900000000134, 0.29000000000000004], -0.0, False, 0.2, 2]
[[950.3900000000134, 0.29000000000000004], -0.0, False, 0.2, 2]
[[951.4900000000134, 0.29000000000000004], -0.0, False, 0.2, 2]
[[952.5900000000134, 0.29000000000000004], -0.0, False, 0.2, 2]
[[953.6900000000135, 0.29000000000000004], -0.0, False, 0.2, 2]
[[954.7900000000135, 0.29000000000000004], -0.0, False, 0.2, 2]
[[955.8900000000135, 0.29000000000000004], -0.0, False, 0.2, 2]
[[956.9900000000135, 0.29000000000000004], -0.0, False, 0.2, 2]
[[958.0900000000136, 0.29000000000000004], -0.0, False, 0.2, 2]
[[959.1900000000136, 0.29000000000000004], -0.0, False, 0.2, 2]
[[960.2900000000136, 0.29000000000000004], -0.0, False, 0.2, 2]
[[961.3900000000136, 0.29000000000000004], -0.0, False, 0.2, 2]
[[962.4900000000137, 0.29000000000000004], -0.0, False, 0.2, 2]
[[963.5900000000137, 0.29000000000000004], -0.0, False, 0.2, 2]
[[964.6900000000137, 0.29000000000000004], -0.0, False, 0.2, 2]
[[965.7900000000137, 0.29000000000000004], -0.0, False, 0.2, 2]
[[966.8900000000137, 0.29000000000000004], -0.0, False, 0.2, 2]
[[967.9900000000138, 0.29000000000000004], -0.0, False, 0.2, 2]
[[969.0900000000138, 0.29000000000000004], -0.0, False, 0.2, 2]
[[970.1900000000138, 0.29000000000000004], -0.0, False, 0.2, 2]
[[971.2900000000138, 0.29000000000000004], -0.0, False, 0.2, 2]
[[972.3900000000139, 0.29000000000000004], -0.0, False, 0.2, 2]
[[973.4900000000139, 0.29000000000000004], -0.0, False, 0.2, 2]
[[974.5900000000139, 0.29000000000000004], -0.0, False, 0.2, 2]
[[975.6900000000139, 0.29000000000000004], -0.0, False, 0.2, 2]
[[976.790000000014, 0.29000000000000004], -0.0, False, 0.2, 2]
[[977.890000000014, 0.29000000000000004], -0.0, False, 0.2, 2]
[[978.990000000014, 0.29000000000000004], -0.0, False, 0.2, 2]
[[980.090000000014, 0.29000000000000004], -0.0, False, 0.2, 2]
[[981.190000000014, 0.29000000000000004], -0.0, False, 0.2, 2]
[[982.2900000000141, 0.29000000000000004], -0.0, False, 0.2, 2]
[[983.3900000000141, 0.29000000000000004], -0.0, False, 0.2, 2]
[[984.4900000000141, 0.29000000000000004], -0.0, False, 0.2, 2]
[[985.5900000000141, 0.29000000000000004], -0.0, False, 0.2, 2]
[[986.6900000000142, 0.29000000000000004], -0.0, False, 0.2, 2]
[[987.7900000000142, 0.29000000000000004], -0.0, False, 0.2, 2]
[[988.8900000000142, 0.29000000000000004], -0.0, False, 0.2, 2]
[[989.9900000000142, 0.29000000000000004], -0.0, False, 0.2, 2]
[[991.0900000000142, 0.29000000000000004], -0.0, False, 0.2, 2]
[[992.1900000000143, 0.29000000000000004], -0.0, False, 0.2, 2]
[[993.2900000000143, 0.29000000000000004], -0.0, False, 0.2, 2]
[[994.3900000000143, 0.29000000000000004], -0.0, False, 0.2, 2]
[[995.4900000000143, 0.29000000000000004], -0.0, False, 0.2, 2]
[[996.5900000000144, 0.29000000000000004], -0.0, False, 0.2, 2]
[[997.6900000000144, 0.29000000000000004], -0.0, False, 0.2, 2]
[[998.7900000000144, 0.29000000000000004], -0.0, False, 0.2, 2]
[[999.8900000000144, 0.29000000000000004], -0.0, False, 0.2, 2]
[[1000.9900000000144, 0.29000000000000004], -0.0, True, 0.2, 2]
